0.3253160121135492,1.242332311077319
-1.4398080938665985,-13.733581998790216
-0.9039234727078438,-3.2012621807816855
2.841703275328457,-0.1861610820672739
2.9150875730463977,4.845858015231823
0.011528828693325721,0.7277162454407707
-0.7269525255267504,-1.1284533088156583
2.8428070455246957,-3.4440553669409377
-0.9708660922837731,-5.47609907607405
0.026772150334864797,0.2106531104833489
2.3244714383752463,-4.5477135131872855
1.1608032427813173,-4.333584595458855
-1.0190364740726592,-4.138637352042017
0.3370720267762435,-1.0688995336609528
2.18703189807825,-6.022129344245772
-1.2040345475326686,-5.484212437587647
1.9919630178061878,-10.023783690107937
-0.034799620200964165,2.159486848686927
0.9914566178963597,-2.129503372483571
1.0553481219919982,-5.009093409772143
2.498793820801482,-4.784514265676679
2.3084486547472025,-7.131351368403223
1.918291510660477,-7.895661438801645
-1.3673539393152065,-10.930139402867235
2.333281259482174,-5.8211819919066805
-0.23661114754041845,1.2030814670114007
-0.19656171671528444,3.1501191129424306
1.5967386815543763,-6.867819214321938
-1.1797933159537464,-4.427412734381063
-0.04772929426790906,2.061920299143944
1.8044182438380298,-5.572108208252267
-0.10257691459955698,-1.4009731857373091
-1.0886272667796442,-6.143008698944061
2.4432105049336563,1.5441129513365928
-0.955878836120819,-1.3011570844922868
1.8021499596121884,-9.403273791973147
2.8702522341557595,-0.3737125496821918
0.09894443892580274,-0.37742573907128874
-0.2122562083585171,4.314839930712347
0.40038428227683376,1.5819625674848539
2.297533003111849,-3.7200280128235246
-0.5952503845539385,1.662380946624125
-1.4768914088196872,-10.57174346143128
-0.7774127836661142,-0.935631692098897
0.34541833182520154,-0.7747884448036837
1.253589986664525,-5.1027024690932095
0.0801294762798852,3.17988934280029
-1.8324552540306176,-23.46318916410481
1.9984971493887764,-7.348715751058549
0.5382296653131391,-3.155306938528784
2.5999131352215485,-2.96881682424729
1.4588817672194745,-8.807473236700117
2.2187677151458676,-5.405484886662592
-1.5477497974222791,-16.24303198172901
1.1884263385162366,-2.735313206829447
-1.2291138481138986,-5.243356474817409
0.3899907382080947,-0.3268025409869651
-1.8573959514226028,-23.984882962673616
-1.1575654671356417,-6.255415993772346
2.235397258920502,-12.472046996291244
1.0937031232939818,-4.399925959576241
2.5737068909435656,2.2677795262868097
0.7720464705197285,-1.573775309359727
0.9826491677334217,-3.235552801665751
-1.706618416133903,-16.990862109327196
-0.26820584855892493,5.064637556534264
-1.3874177795160252,-9.591700381974126
0.5409903512118297,-0.4632146014616306
0.26336597935940453,3.086472539605077
0.5463529348432079,-2.104162463463058
-1.4330891991748567,-12.696719576233285
-1.9928554114075685,-30.13835916047497
2.617767966115247,-3.9734325600475646
2.177210301072753,-9.428591788280375
-0.17163407268060515,-1.7173898464547876
-1.562266864990785,-13.980076287246947
2.0964800378104123,-7.059502504928031
1.7981140097033994,-9.446454342578967
-1.2349746707707192,-7.586651759200777
-0.2404102652794715,4.507788008218986
1.9091152101792543,-7.290444275217531
2.637102005617023,-3.6975201826988595
1.1841619203192661,-2.4405026534147956
2.7845699456528816,-1.8948915726367688
-1.2913917860216277,-7.853063640660777
1.5923891224114426,-5.851221000091258
1.080886886995394,-3.1505666595003037
1.770722890775616,-9.632803423581233
-0.3738885862454826,4.251715513058274
1.6945602393954284,-8.778352284357823
1.1960595718947986,-5.759664579004497
-1.8569182142673832,-27.63741114873217
0.25490750359419234,-1.6573434534406581
2.543737530999085,-5.923396209652509
-0.5485935858215094,-1.7016766759675526
1.0249869445638975,-3.1062713314584776
0.3967857485729982,0.3569539287984992
2.1096134195803984,-6.745097018449774
1.291284950971245,-5.459727508671535
-1.4103144723370264,-7.289944488525701
2.46588018476292,-3.5699970745706544
0.049704525316861314,0.17430315857855805
1.464027099542466,-6.4629429088142025
2.5411883458581883,-2.0833573058657135
-0.6806748142548869,0.5465298246413834
1.8435760101484808,-7.636490213860945
-0.574465132260729,1.0856436730166057
-0.7401323751580329,-0.5332931074204358
-1.578536474181324,-17.532332973561168
-1.6550408513848978,-19.28001603488797
-1.6813725586006099,-19.988962662307202
-0.06628923516010898,0.002239815436931636
-0.7156651554701643,-1.401373748366743
2.5075984591883076,-3.8725161385018008
1.5151582571700768,-9.00471548660153
2.3309116813504653,-7.826959369841926
-0.009824988234551801,-2.8731760673483997
1.6215204667514245,-3.6338348870243253
2.925669932713337,3.177426352726103
0.5544887271400594,-4.534481154933076
0.4837860791616002,-1.1801953455802652
-0.5346551639391532,-1.865706254556795
-1.990257304527343,-34.02342089501237
0.3331386895196853,-0.7661124078957915
0.2015299539416482,0.5839909437411228
-0.41130045357309886,-1.899233390733883
-0.981452470816385,-7.20938306311021
-1.4521797357904829,-14.274407914262534
1.8072089805316045,-4.699608128527858
2.9397325272965764,5.473518204160021
1.1654176758213604,-5.3521415313777565
0.4235046286058992,0.3140812216558144
2.908761822931292,0.4009084182063931
1.0305790770637393,-8.851299449400877
1.7611893716621179,-8.912303539628363
-1.3698502566299646,-6.852197474483429
-0.33243737765736947,-2.2912160233715433
-0.856673196301355,-1.6073264907371558
2.7646008492777696,0.5495621829486697
0.12688732429506633,2.5553849124456427
0.13462867903534015,5.461704923523804
-1.1149012774377631,-6.994044059424861
-0.8618764597656552,-1.2851535970524026
1.1731131673648867,-4.764331210893032
0.8627713527571541,-5.970542460556289
0.9512008834425982,-4.114533657836243
0.6389044363085459,-3.4561262955865484
2.8939890072720837,0.8561050449419243
-1.3250641224416735,-8.31183524726644
-1.8218546950483199,-26.1229991278581
-1.544427866476236,-17.17598340000386
-1.316306189816152,-11.108848052681495
2.351774180471529,-3.05104421964604
1.697627834360036,-6.289832748960973
1.6877322225611993,-6.417977236189132
0.8126354997444007,-3.2903629701827373
-0.2856636675571056,3.16793976843819
0.130432534261264,3.8069041009554287
-1.292194849659915,-7.834349216729404
0.20895368780636803,-0.9095782643643096
-0.8304823458983461,-3.347540119409506
-1.1830394441232648,-8.983082080013183
-1.0426063925264433,-5.467279568252911
0.681320221311259,-3.265715192072422
1.124581980165213,-5.297308824260108
-1.138971876026833,-3.983974099127179
1.403410480573994,-8.202305379820206
0.997952899416978,-4.495087534373914
2.8849093943962947,0.5311376296890726
1.0246808014823938,-5.503751426220689
-1.6438711798262944,-20.42136430076026
-1.4384611194833123,-11.758626993099641
0.6898430535777216,-4.102643858786511
-0.7464073162977063,-4.629400565605234
-0.9402485505160474,-2.667745288345668
-0.9319249353578427,-5.846908140328806
-1.9172734875910473,-30.320159286089872
2.439496965643941,-4.6477242724620105
0.9197829633958645,0.2591689214021362
0.25502136281105336,-1.830053170673097
-1.3411528156363433,-8.509437811351521
1.4555364084756017,-7.762564215557816
2.206616519844216,-6.4520505007816995
2.027467060189603,-4.5979286733599345
1.712455628401366,-11.184932998057924
-0.29988383765002213,2.0370470055554
-1.6434771537300035,-15.85962404003131
0.037700704144911334,2.274722211246693
0.9954377755962573,-2.708713402274855
2.3963110397819216,-8.092810404866599
-0.9397368860785875,-5.038161329510405
1.4200571994599733,-5.4324929481821576
-0.6177900304271908,1.6148637568576825
-0.07669062669548188,3.0956732967460354
-1.875598623529796,-27.501208551688812
-0.031374493552633886,4.910378482201396
-0.8691738837901575,-2.8533780514626725
2.318262458403084,-5.101941451154022
0.036929202556990504,2.900024214118261
0.6252905007353053,-4.177185959621789
2.3472205577834178,-6.186040147997446
-1.9566027721712114,-26.90905137173474
-0.710961970744896,-0.8772475302518632
-1.3778557320594447,-8.171392925076027
2.438182389442927,-1.8696018137677912
1.3231694336131912,-7.336205154691754
-0.7741143759151319,0.508818621831723
-1.5559069081714827,-13.860047169964375
2.192420262947934,-4.0194254973600945
1.7916709954513244,-4.749169031383498
0.6865018480345082,-4.191800036005617
1.9324515894675862,-6.267815590056857
2.026521628982363,-9.041841697124404
-0.1568830734068376,1.252713251390848
2.1420461831566975,-5.111978947349543
-1.3725787774856761,-9.272508058095935
2.969286998356763,1.7460726206590453
1.3149381764277424,-6.802266397576917
0.13719666769196914,-1.298323003258988
-1.4459454796184816,-13.306066875603314
-1.773310784310112,-22.646531266399183
2.817482012962235,-0.9989715119291376
1.9644017472488846,-7.545895433213795
0.7227706711811113,-1.1294200796456046
1.742999277321923,-6.663878178431087
-1.9465603761899342,-29.638346191419483
2.601513239025529,-1.9321498912662665
1.293133686388516,-5.221285814232463
-1.2012376130967144,-6.376038295790408
-0.6408410544297705,0.15232682600189212
0.32929094120371216,0.9918133093399304
2.811546192802802,0.4037645004314139
-1.9514048149198842,-28.230386900107508
-1.8674691283005123,-24.1251133118785
1.0053378303154332,-5.911379621492708
-1.3552264472895135,-12.992294769954839
1.9361088309581023,-7.992601486041775
2.8201841332420585,0.27883816571828324
1.079387259750495,-3.115816320800228
0.8664696735541586,-6.548652809913307
0.4075393103144571,1.1318401006403709
2.46799234489018,-5.953794191111324
-0.9845775917774446,-3.9577790273466187
2.710082503770824,-0.9108325200402869
2.183293351081544,-6.072435582995249
-0.1479476061787437,3.7216087117774737
1.3928841022271783,-8.509884699881523
2.631710587038933,-2.979307415560455
1.6220153902128893,-7.661741303567879
1.4641811034508834,-6.605883231959838
2.671139433394883,0.7311661935334053
0.7642920675327805,-1.7604526600144799
2.072993961364414,-7.212604280335608
2.2510875912376864,-6.128648410326893
1.3628184992358765,-2.2773208435495733
0.23345500518126894,-1.659457439289034
-0.2952468675059876,-1.3724359005810225
2.964709727096336,5.743042060178203
1.9635536619041556,-6.0563747798491745
0.3610968330877302,-0.9589634087867165
-1.927604663393349,-28.64070566976553
0.09798278703566421,-2.2172431999781406
0.7357558217813649,3.4535537107829315
-0.4046609258700138,-2.1743730408290665
1.2714656320268127,-8.946948594307202
-1.207135558937833,-2.870044981104134
1.3322427457080068,-4.640334344844869
-0.7957392435498143,-2.8903888389801797
-0.6084735355637743,-1.567801756221133
0.8629355751883869,-2.4419970449362927
-0.6064077964821639,-0.3735920671499756
2.281622765889371,-5.300148262044283
-1.9622106854483083,-32.6887453312611
-0.464211349593046,-1.4477776779493732
0.02135571110512169,-1.022817946956779
1.0774260110122489,-6.896706567172193
1.095020260368531,-1.3052497267564869
0.4972364894223009,-2.855269952653072
0.6362689214509856,-2.9112543795391943
-1.5499793169733844,-13.840768797922628
2.8150070842949955,-2.008770274000051
-0.462898239417747,-0.06764263671243909
0.5991420913274692,-1.4840666497681365
-0.05353411789904827,0.7434690184412642
0.728526180337862,-2.2889297394486516
-1.7015739358220998,-18.65177987399676
0.500607012684211,-1.587695024063711
2.0094885662823456,-7.650928140154473
0.5616995879517495,0.5376925793674334
0.8169375417089206,-0.6261273474603923
0.3268890544056742,-0.3950503066334407
2.4941463193650613,-3.049376064046205
0.05715694396362325,-1.8772013634817535
1.657855678444557,-6.174817473798389
-1.9464256991544098,-26.69637325885495
-0.8400346311796345,0.659156135586537
2.9250359316217764,5.147066849310637
-1.5148290580035766,-16.284063025959686
2.995264215549324,-0.6195673862295461
2.105083555713943,-5.9134508759302875
-0.13551655117212613,1.2292974148286244
2.5656405313876727,0.5201443260265997
-1.3438304617039503,-11.381779869281726
-0.2165447210420579,2.9777418159760916
2.467564223667562,-5.024622740766217
2.3780834205475134,-3.9999507677166175
-0.14381684537159245,3.09135298474473
-1.4859149078775733,-12.98077390901993
-0.4734437865769263,-0.6537494717033434
-1.771936825534811,-20.330150809221728
-1.6055196756240024,-15.485381414453677
-1.9963657175129668,-29.237568822425114
0.6525832184390765,-4.6734235240337565
0.9293548634648698,-7.577487157221326
1.4821734214735156,-4.897212362687687
0.697110130327756,-0.6860681195530018
0.9149156341352631,1.3870349504622759
-0.990640577674363,-3.6291615402609247
-0.443027542478605,2.421217248697183
0.8830067258361924,-5.943263246599349
-1.719298471536525,-20.941909378278517
0.059094197478667176,2.829707598200823
-1.4853452951134432,-15.533653384351854
-1.0387096414508106,-3.2187011902920504
0.16100374870896417,1.338821201455378
-0.6164891488819884,1.1247961933124107
-0.6127204543883074,0.12583213751762376
1.1309134709317905,-3.7714372002581427
0.2653699329591266,4.5464172732428425
-0.26903481612131785,2.787842332714866
-0.5238732669885897,1.7618692770643192
1.4740893530526078,-3.8389601342998567
1.7319626942562634,-7.8539309686232475
-0.03575859963700845,1.7218925005213093
0.5650675532594387,-0.2669059521306263
1.927379452445022,-9.244295469675059
0.46338356703290806,0.6926906068713488
-0.3918839050078682,3.44322029621844
0.5028050093401824,1.3753067144047182
-0.21459368597095563,3.9984856052103326
-0.0015334664866610836,1.4936112743957444
2.801151065315973,1.0089870849612035
1.1690553482658586,-2.5402004767081663
1.7805866388675078,-7.851504623346532
-1.0701346958366391,-2.1872721571168197
1.1821551336515825,-6.496911387189194
-0.4247585817049502,3.776320196670069
1.121306845521148,-4.599913919205749
0.032678160311042426,1.0209438723475133
0.5409387886668187,0.2550210331545286
2.0677656560550863,-7.025590967030596
1.928746724235464,-6.525600992808262
1.1750390303143816,-2.620387884460091
-0.6997928872027459,-3.1982596237857237
0.9278857560327043,-2.569241273952967
-0.31308019232797024,-1.1769001341695065
2.7260635591328892,1.2444658176931322
2.2674634461746654,-5.854285388217971
-1.3904016357650781,-12.418249877646975
1.7062164789511427,-8.587147258743078
-1.767288578093904,-26.992263271300313
1.639437049926923,-6.352882238258153
2.204533604387482,-1.5721748627398053
0.8464820640443844,-0.9570112751377193
1.1781288987448022,-5.673670263017291
-1.2376437547788632,-7.857206656584
2.2456087221225918,-6.117861426208239
2.549546243618675,-4.190629011181095
1.9208395328735253,-5.33624251337929
0.1379126780017188,3.722381330382464
0.5073767150664232,-0.0028369967875643276
1.8509964740755027,-5.877512758902517
1.0034218539662332,-5.510635084204438
0.4079424122533699,-1.2426382840769041
0.06799235166054007,1.077369628158157
1.311949192326301,-8.91706492990387
2.19606360975597,-6.3602507824446795
-1.7577176105688446,-20.813977739092554
2.839070581465595,1.59865678989349
1.9833614298894604,-6.108003214600773
0.9508055587073141,-4.9963085073756694
0.21668539210937254,-1.039554762346588
0.5204074211955012,-2.705844200809832
-1.782225591334905,-23.201409814750008
-1.3914773793832103,-12.980884083641598
0.06168644225238351,2.828205298906392
-1.0824578663284516,-2.1400953937021305
1.602707511752489,-7.471160421473995
-1.4177290042565946,-13.015043775391261
2.021831509789081,-4.575351873796304
-0.5677998621067069,0.7513694906313833
0.021287652367367293,1.6233728098800284
-0.42773117083575163,-0.47784937879465583
-0.7362608077584221,1.3398768456949708
1.7628803674864653,-5.016592689315187
-1.3783273076273783,-12.106470370721356
-1.2779576662461005,-7.063035336388136
0.8982955411012208,-3.51243694791431
1.6688272682788998,-6.917562669681465
2.727313063595008,0.9700897225913638
-1.4051453705796872,-9.527126188397368
-0.6820696205996273,-3.16859204887229
-1.610136127925305,-19.504007250415256
-0.1445704060576396,1.6306886090833497
1.5720824664344546,-1.8544309687748761
-1.9280025769686653,-27.52096682971673
-0.15178246429657705,5.2916061098206555
1.712672248378813,-9.317303803890193
2.470738788355847,-3.5153219656277157
-1.3073491957204109,-6.922775926797632
-1.5198399013666002,-13.988125723322408
1.6248900324738305,-8.595996668785048
-0.30777882023602743,-1.6929057390967048
-1.2297386531375492,-7.497742199907462
2.330517612274325,-3.9651306339127865
-1.6549475671306328,-17.534984791948553
1.9406580358101513,-6.123390672582175
-1.8957753914215718,-27.94208865065422
0.705289166282534,-4.214861898404564
0.6901466599657575,-3.0463697663679485
1.874346637848829,-7.277190439616631
2.501382973688086,-5.113302454257665
0.9031523757531219,-5.564823118175293
-0.2276638487764946,2.1423735667514845
-0.5609792312203981,1.005553199590406
-0.23350364489907793,2.5037522524231512
-1.919112743007913,-24.30284730784303
-0.3776633313121822,1.885235985048717
-0.050012068214679184,0.7193374432905906
2.882868903507827,2.908943940680051
2.902286334551177,-1.3030439968138672
0.9709997316490435,-4.60800530722945
0.5172644143654721,-2.5563630349616826
1.7723147126377499,-6.94569605097822
2.6748368349696525,-0.5246619590287136
2.5640963527993863,-4.587820613609238
1.909810264646549,-7.556780349508461
0.09515870619413036,-0.3930715722924719
1.4093816050596626,-4.9179865948716515
-1.8863656484066365,-25.655390775297985
1.7416948789077296,-5.709197305031646
0.8947769991640797,-1.6110893645428868
2.8961817368298783,-0.6586790297630292
-0.12644307050680248,2.1500699917238673
1.308412274384974,-5.821091758970578
-1.0780469466923326,-7.220166150827872
-1.9637345140787996,-30.36019541632708
2.124266201170129,-7.343482293562818
2.6795763313223606,-1.0755080068795895
-0.8042177227707996,2.127774389077118
2.2160466060379145,-7.770917366934317
-1.5113922319982935,-14.600542294313021
-0.10954634917533279,0.5669920266760522
1.1670605166433292,-6.501325236489699
0.592231236691855,0.05490763770476015
-1.7339952694472676,-20.055320434866015
-0.1427507398958665,-2.145802127311245
-1.7354750260245533,-23.46489175083056
2.7180161931057505,0.9064674517329419
1.7423720002877663,-6.693482027888879
-0.6040366051918604,4.347788492394088
-0.16569268557995898,1.6320896424448719
0.5196225569376414,-3.2833965145969635
2.772278176669877,2.038422789407069
-0.8977185572390927,-2.8402435109161797
-0.19024039698942552,2.4250659395987904
-0.9478917521226642,-0.9454063845646048
-0.4366434999127793,-0.1183821957882748
1.388939080419488,-6.860301357100731
2.1260946091188604,-3.031858311360617
1.0296463343473512,-5.14566810685415
-1.1103579225651277,-7.051318829215649
0.9565375393260309,-4.746851220505356
-0.9522365207823384,-4.7377733366555965
0.8973639821340154,-2.6904622313245175
1.6252091364806676,-6.793574634699725
2.2458167561066853,-5.603435341955648
0.6537271900899144,-0.7582279065465132
-1.3226358034326946,-9.638722513674056
-0.6315852900823704,0.8063752081911388
-1.8652469367860662,-26.38409016104223
0.1774203654405655,-0.16667944342783503
2.428469488294504,-5.834602910531194
2.2405059881748217,-6.7647191237695985
1.9070834428984247,-9.734496398993862
0.5191199953857564,0.09962921556914761
-0.6962172876126238,0.24413649384552338
1.5224586637811637,-4.35243746452154
0.2829522681789687,1.8880469100282613
1.9822666306208578,-8.927852491611459
-1.9476443223032451,-28.18248986877532
2.3723798763505197,-4.42759237241852
2.5379417778369833,-4.80129723297918
2.158120468729236,-4.883310877162417
-0.838734770437993,2.8593335057153446
0.06468441361139687,0.6814954541313495
-1.1119664694593094,-4.055966275468967
-1.5449764471785736,-21.457910562714517
0.4702119539424654,-3.35491487640385
-0.48843475437335626,0.7040505629690006
-1.5273822677416575,-12.683520953877938
-1.423230634317747,-8.447099381357075
-1.0208794906854706,-5.906476711162207
1.2463083699727866,-5.488774540093698
-0.2724384015473458,-0.538918728206683
2.7691557580452857,-3.6983356999889483
0.023541237642421553,0.2555683061315055
0.7250948193992541,-0.7567106135248791
1.5240348622756001,-7.265281001560959
-1.107176285951633,-5.383484690082874
2.3478415868951528,-5.484985775314071
0.8938003916398705,-1.6929360521471688
-1.080114224646837,-2.1021455483252263
0.2651196551196513,0.2449266676195753
1.826968511672158,-7.593195932206789
0.8865941357141374,-1.5046450433246696
-1.4801560043100692,-16.141873507897316
-1.2728998137386203,-9.24811421015665
0.5448129609408392,-1.6678582986778094
-1.9406885117661785,-28.097200846821355
-0.6151306720412308,-1.1843708501573644
2.8693677040282157,3.1200191497507035
-1.8608880198331845,-25.90584976014785
1.4625798047463485,-7.198459882318808
2.404333726520787,-3.543388109143514
-0.06722495592287192,-2.4178338874567427
2.2070996570896426,-6.710677405403103
2.5403070569824857,-1.698186950721757
-1.9153335745314253,-28.67159847615726
1.5806061024113909,-6.807323236330478
0.5021264738328606,-0.6858651640203371
0.39887513544956077,-1.3246319447360215
-1.6547883162636594,-18.709501901480273
-0.7793203985445156,-0.20698378859566557
0.2775269275044634,-0.273567174283591
-0.2512932197529243,0.8143555698959344
2.8054782789521546,-1.787297993712848
2.3636473558954973,-5.589104419972127
-1.6245702048492965,-14.078295486096126
0.5206496054089715,0.9905321581653834
1.9741189718087098,-9.741680213446655
-1.520398860626168,-15.895329907313657
-0.22022754105180442,-3.03148132301991
-0.2535432929415087,-0.9227678287581051
1.66048849905067,-4.9171549441693525
-1.5648438428229454,-15.2926878896828
-1.2181342709413245,-9.187120179809785
2.615203794940724,-3.2941545076554823
2.6608170134077422,0.02173901035513115
-1.7360493192224606,-21.42963938781781
-1.6228847542508855,-17.40502445782504
-1.9590041142523718,-28.013515614174743
-0.5565337562871191,-1.4352035380018477
0.2992931812538213,0.624332991584844
-1.2767103907502269,-7.300397688223256
1.624241401119796,-9.412891735921516
0.5828890367183366,-1.721207416056433
0.967568160403073,-6.9905529985293855
0.7355716167801813,-3.605835928646905
-0.393665819103997,1.0213108783360378
-1.3561523134811941,-10.696264878824303
1.1390288714107233,-4.864482171065782
-1.8519296250887662,-23.269854545547883
2.945315169582458,2.677635402612317
2.0407670608648836,-4.1943000963578765
1.1201690093558785,-4.080242293523734
-0.3380137760871864,-0.7053536000013689
-1.4764575308491765,-13.316619333736169
-0.3020278488606569,1.7509262946601587
-1.1314914729452483,-7.207039455716821
0.8049218136829706,-6.218365914604583
2.1399027161777795,-5.936767892659943
2.8875431303534773,2.0118795880289944
-0.9002718229529991,-5.491221862557397
-1.2730122474982686,-10.076514668444466
1.72930516930961,-8.038483262333783
0.5698755287742832,-0.3681201446511677
-0.251342501617021,1.055843189855121
2.863604306297699,-1.9826091885405441
1.9803189066834541,-7.17768323083449
-0.5942416272749629,3.468201649535943
1.2073261423448463,-4.498099261986284
1.6620568647702685,-5.088712531634196
-0.9832142406152948,-5.186516464272611
-1.1158453327400273,-4.912127009686964
0.8052363106208711,-3.4887008037012137
-1.4879929430788428,-13.535186573552426
1.3428131705308246,-8.51338236799234
1.0955751293843332,-2.0533666237912014
-1.5797960164200942,-14.976269326822896
-1.540441716661704,-12.694832459415258
0.4785370928778887,-2.606859197787253
-0.6117506121066623,-1.7571234202664567
0.8709600919451486,-3.0618426708647717
2.5739326321015996,-0.48635628768554096
2.0061271634177062,-7.500054181026743
-1.4690625736080842,-14.546891738322406
-1.8147837724084637,-21.39893790583209
1.5452012679456963,-5.245837499723225
-0.7470403168079565,-0.7981814113097199
-1.2070281569968715,-6.158355762163898
-0.9287310944401592,-1.1244033765119663
-1.1884860048012458,-5.921891978090256
0.786664468453627,-1.9956473744106553
2.532963575534361,-0.8749814874575317
2.971448378940371,2.466377678913118
1.3857922915993584,-7.241404648226072
2.210198233069505,-4.825740598534403
2.2783405699088277,-7.171753033808876
2.1069201408971905,-9.047717219448414
1.378548028723971,-5.781385384197068
2.8323558628286314,1.096750057031827
-1.5402783973158694,-14.738510365489676
-0.8173436827474045,-0.5983185551475534
-1.4688315978566244,-10.723624677384503
-1.2308495215947817,-7.638000801589034
-1.5839976585807012,-16.207727354956745
0.5278586152863411,3.628904774944788
-1.5688254878195984,-13.333502661429886
1.2201165252741104,-8.241875817005926
1.8113066430463718,-3.7402285313806716
-0.46862055263204194,0.9090752878998979
1.1028454514480757,-4.511551455542288
1.60355235187754,-8.503792831557716
1.5114504301849947,-9.924369111093842
0.7497078508732562,-0.5665469260197713
-0.512198523710464,2.367742209548723
1.6635485967555819,-6.572986546716115
-0.48273239593042083,4.365524231639504
1.2046431217109221,-8.464900074071242
2.162178779130252,-7.905138106335269
0.5628347044625492,-0.5022213633076228
-0.0966779208958295,0.5535271054429499
0.20396706053789604,0.11997321952251383
0.2741670544776884,0.08917261158239234
-1.284738174110358,-6.214977120518437
-1.828646269080853,-24.62480027318796
2.1081523260463833,-8.365208654863242
-1.429545728273373,-12.635067756684611
0.9142804444424049,-4.3425666272085754
0.42857553100282786,-2.1285183278554936
2.174442506492942,-5.4510344116946365
0.6205135081167272,-1.9280310703036492
0.8640475239574403,-3.9422598953199284
1.6136183321186346,-5.6198363202816815
0.34510085814652847,-2.785808308921111
0.8319208276513104,-2.409388169516843
-1.5595405640285824,-14.185344999393845
-0.06059257167621013,2.7098754925388393
0.9023235787569202,-7.6012008375153775
2.597285433107782,-4.100644161007385
0.5791219667704364,0.7587972246218615
-0.5525324199992858,-1.510559014009441
-0.262645529271468,0.4944918884282701
0.04031241107682337,-2.28150908003624
0.5537520657062993,0.754150389693601
-0.7842803338791104,-5.441378502243862
1.2618220636249715,-2.244636305547867
2.556222349044238,-3.2671451488484573
2.49370956929266,-4.331509424148765
-1.858087941813773,-25.496127069254147
-0.09095341424606818,-0.5650629984296498
1.7180672744267502,-10.631178453391586
1.6918893895370966,-6.8282813788621075
2.632868120426618,-0.735125491621957
-0.12653295699923728,0.012466478501847567
1.611689313907796,-9.988698097202212
-1.1376355314981565,-4.064808463256656
1.5197544451665785,-7.518403864333314
-0.1872664438845404,1.5652761267546393
-1.7799684070184856,-22.565896971400683
1.757054729027511,-5.677965857690873
2.899853532035409,0.17691970916824595
2.895009878348608,-1.0362161797072917
2.6167616429112366,-1.6231942611335697
2.1332180467831527,-7.3545246065455165
-0.5622196191975823,0.9108865807984923
1.6910865951247205,-8.125671947891982
-1.5466425801995873,-14.521195315989036
2.5277405866732963,-3.9385281098499996
0.15688403778633475,2.2411878496599646
-1.3300746703011357,-7.896842508008452
2.766399757066832,4.355179433399525
-1.6838513638635786,-22.070260197867718
2.6089687081061594,0.4099898407935467
2.0720260850564953,-7.798411911576845
-0.10470204598519595,0.6380631849780927
0.4789209721009309,-0.43074667855888155
0.6406879642050338,-1.3523684229516584
1.1705794143643868,-1.5635400646129445
-0.985532627925406,-3.112275243596512
-1.5384758386971213,-15.337491428400973
1.8918296229981477,-4.658426990063421
1.5162212806338577,-8.686036553830695
-1.0089835504800209,-3.109534377662739
2.9485140601178337,0.5000051824310456
-0.6535303560049899,1.198897946529268
0.19491705258942016,-0.1221099305303267
1.7852739344292798,-5.904781091536348
1.2378884972317556,-7.284232006666169
-1.0614665390695666,-4.020501989660383
0.29019849112322715,-3.06195055904527
-0.5080198304559518,-1.170704121901457
0.4438782910264485,-0.5990852980826836
0.8523183032031731,-3.662536123939177
-1.9077419462984118,-27.22394448312879
0.3213697614507933,-2.2310523174276558
2.9170998466346045,4.567162695838164
2.574452363494644,-4.380161481111824
2.9179470311981035,2.063571937679726
-1.5788448474505712,-11.567640160210292
-0.24637994937552454,2.5677703483458454
2.863472255507534,2.887729905452438
-1.955333131735082,-29.75885698172423
-0.5518808547381708,3.0789794236283536
1.9292778243698634,-6.946756308783164
-0.7371726573244135,-1.2650977173321678
-1.0875162598035175,-4.947706892511569
1.7669135652649866,-7.404997477253976
-0.13883535781779255,2.419221689503451
0.24029256903289564,-0.3739603266048731
-0.6361058454222879,-1.9476264175210056
2.2014832719837205,-9.393747380789003
-0.5928863671296001,-2.4185217412662707
2.03035880942884,-6.809231344899796
-0.589702114000527,-2.9584723675823237
0.19308775325784255,-3.727926171560277
1.979774848974392,-3.9723678186514046
0.6563122170294635,-3.0569843337868385
2.910406809869566,-1.2595750135981554
-0.6223262767239706,-1.5172752051714276
-1.0333524532231702,-2.494112380478378
-0.7540327158697,0.5336053837740757
-1.4981579187090954,-12.749317142647099
-0.5102680298458755,2.2361697968849685
-1.2400182720101376,-7.518842609142791
1.6953472056451013,-7.731196124609808
2.102456935090774,-6.4847302909383
-1.101735945310852,-5.8153304768240135
-0.02823649881883261,0.2560327190899174
-1.859843286430633,-26.60418894288303
1.7965886800673228,-6.376785521699276
0.922850877322372,-4.28778488535735
-1.8190725022542857,-23.980500547177115
1.6212951878949555,-8.40299237677594
1.330183982032727,-5.13123977965964
-1.8013276328216037,-20.919903226310794
-0.4505349821023301,0.21819883647974675
-0.43351167875049557,1.766874280189735
1.3582508173751173,-6.450003255214485
0.8466406929568633,-5.319376409857429
0.8103329254131362,-1.3465101875939842
-0.8626072552529815,-1.0684052268221822
-0.7254609984810827,-1.4122216443814222
-0.35855387042333486,0.3710099296930208
1.3909511095799445,-6.469405865187585
0.3351594015490198,-1.4280864271453697
1.7069435261331578,-8.039053474253747
2.736991993661632,-5.630578572736267
0.709066115182797,-1.7369422549718054
-0.653040710534573,-0.5121354720329014
0.8011377313288759,-4.042011012038591
1.7458561456973087,-6.38088229886686
-0.020763623621611327,-2.038620014687064
1.8668951992292584,-5.942979857386058
-1.3128662596201779,-8.894422606043541
-0.6258335942214619,-0.015407462085639367
-0.4851271718497894,1.0453394272995593
-0.11363899861711535,-0.45382480935778746
-0.5853419352367037,-3.341607075628962
-1.4547072767568452,-13.808416575810252
1.07308374253107,-1.9357002466207862
2.042767982058276,-6.577076892990348
-0.39673991025935096,3.6585733207187747
2.3597629211681177,-6.135047424882499
2.5009099086445508,-6.309390286836395
0.9160782884494707,-4.59612999226595
-1.0674234669775826,-1.4229208356969245
1.5602820219223332,-8.088236524628647
-1.062284969458922,-5.286584885782363
1.6181384694436822,-4.541174922384265
-0.617263289685408,0.6517527327694308
1.8873944863849719,-6.766372344977823
-1.8580036669295064,-25.597164066003863
-0.5218975379585427,-2.324699765715516
-0.6090318671101429,0.2698633501508085
-0.44602233470058206,-0.06324430413883464
2.14960522719256,-6.61267314237643
1.1334713401619796,-3.3019745859144427
-0.15244593890001878,1.4011013658439684
-1.1236876747596711,-5.117617116738668
-0.7381768262492403,-0.442251704226736
-0.6604579796083969,-0.30231999842534363
-0.3122827680099165,2.3604920647858165
0.7799491597763613,0.6857527524220122
1.8514909837704576,-7.064511600264317
-1.4289186420771225,-14.57463997080798
-0.9082065202105203,-3.779254024284785
1.4390474584694068,-5.08227658635226
2.9677175419159925,3.823609983923629
0.6237809765333369,-3.7774431632925216
2.366178419061665,-3.204354649977993
0.29881427751809087,0.4177190528924813
1.2799898928894766,-4.404472667870611
0.5064776830631974,-3.818458432960797
-0.8311693958586579,-2.09448957487145
0.05243815717417011,2.101538633262834
1.0027092249138327,-0.6287059724905824
-1.976023600350522,-25.454742620001014
2.3785203867696225,-4.2685093534886605
-1.3625153325580905,-7.055886448303703
-0.971802981228939,-3.4315587819597075
1.4303700447489693,-10.644840047575155
1.3435646723438426,-10.261130967012173
0.6236565850947606,0.3115597698989405
-0.11244047940583846,7.3750858355644215
1.3770622003566824,-2.914687016389129
2.151500976462807,-6.569270967280533
-0.07663358384412655,-0.07529788629684453
1.7295604555277544,-5.940262325279177
2.9209358938426275,4.312315409291656
1.8647895990921382,-7.456153276629127
1.9462797345235896,-7.8446794196554945
0.9094478737913061,-3.6165814897606787
1.7820466308526663,-7.8600172061850815
-0.9631255515433805,-4.76038889669581
1.1861344190427987,-5.306073633143244
0.1161783142812336,-3.9751507188827837
2.9994121307163226,5.175384954062027
-0.5333085321773339,2.5038552598095443
0.37401241769964644,-1.520707156924372
-0.4074832532114907,0.29318039289384557
-1.522787887997652,-13.473348400236823
-0.4410827002752298,2.1141369885327705
2.790558459835222,4.22212160585344
-0.889303860314296,-2.8491711331057417
-1.490525678500879,-14.684385151074558
2.3287613192791667,-6.595745169802317
-1.5107801279416482,-15.2878539801711
0.2179649715079779,-1.4900404672746466
-1.9802197166355593,-31.742735268362036
-0.17915686861163937,-0.6398667189529312
0.3225533447141844,-1.317875662554097
-0.14001394097675623,1.3791548750716394
2.4211204963858854,-6.081341137647408
-1.7597946098829942,-19.295882792538777
-0.9086286171989604,-2.524971226137022
1.9894397267208355,-6.726891566808841
-1.7165932903418102,-18.73219761192865
0.2288978087685325,0.5929091012423655
1.2099433973564002,-6.444132089566661
-1.071371474605654,-5.527798050118552
-0.2397956756451307,4.097812197447656
1.0817766282020753,-5.398399630351344
1.1293554349453032,-5.3311331885598445
-1.723292308437731,-21.297883347720955
2.325306106277714,-4.5571002708699275
1.6913909615092537,-2.9866191310559085
-1.0828748418644296,-5.972316561077947
-1.9270331557206004,-31.10639808975196
1.4231233231651097,-2.9613500741610777
2.6354229485426908,-2.622757633234104
1.5454539261882907,-8.884395587331587
-1.6566686423814025,-19.252395133788735
-1.4856506212260876,-11.550198823123809
1.1747696855181933,-2.806215300672246
-1.2710951176256773,-8.42446510823739
1.1534582356528067,-5.202457484062003
1.2209767682829176,-6.053846769776115
1.0669472268416866,-5.105237354847744
-0.4594015986899844,-0.922200728966214
-1.3585533093359325,-9.422227013897297
2.618609049450903,-2.1314798571314473
1.8063790611753188,-6.620122007136343
2.44338565307749,-5.346963258350371
0.2397033327844551,-0.3046054557045773
0.03790670232874627,-1.632841557055983
-0.9074627734050382,-4.057568627587888
0.86885031033417,-4.804355322382021
-0.8552480806282348,0.943448354032796
-1.0841846462361842,-4.875327797327853
1.7578348423099968,-3.1647041532018285
2.130795330984548,-9.27898868658292
1.6824224908349845,-3.817632922816597
1.5673625339463495,-5.708434643711772
0.20977735866313596,2.480315956581847
-1.0156461620655748,-3.8818751956904736
1.913279972119458,-11.90974218343662
2.530607419378378,-4.470748257739767
1.2934017214613442,-4.963545420110383
2.538588880518928,-2.716173161333285
-1.0955934829731038,-6.458268266481972
0.9229566830655096,-5.708040756175706
-1.7835987872860604,-24.41226010208945
-0.3044338486144531,-3.0552773356238094
-0.8987587557404102,-3.3659695592923153
-0.22579524125062012,-0.25368425561899155
-1.548228588415773,-18.191413951276875
0.10966720448975398,1.2644268192907813
0.5258420398186816,-0.9368081039023888
0.6999237814577821,-6.768256022318928
2.3598473246084994,-4.756659826102731
0.5230320709462624,-2.4109276312364925
1.570388810446782,-6.844531526760685
2.522544722784671,-0.5073317537711084
-1.474606434360711,-12.691177334982356
1.2438039660533557,-3.182662764235239
0.7502701699059244,-3.900949756387163
-0.6898529807205733,-1.1862796490177705
-0.45886751862382447,-1.2151919990460458
1.7450516061337051,-9.831845778929166
0.2903061725842635,0.6966610374566824
0.6933539298308693,-2.3541046150434117
-0.4172466427995041,-0.5788501811192761
-0.13843617779150996,0.24604982153133226
2.3223593457534744,-2.7973029386746835
-0.6522970844677649,-1.7992793252539556
-0.17734572335250975,-1.212272946041764
1.7027728041412922,-8.656911203508074
0.39816061664921243,-3.12137630946005
-1.9170938899987497,-26.5337405653515
-0.9686955756458964,-5.008289301297145
0.7121485255378786,-3.4434701077688032
0.7267696541505106,-3.5699384996983983
-0.05975475467140989,3.251212762137299
2.5535508201323536,-2.9276159932740664
1.3857736520642492,-3.0745734426806766
-0.2351953011748058,0.6369321121190693
-0.7079848127225756,-0.4849254790722321
2.2824028615201666,-6.844660311182487
-1.4276688346981712,-7.65345947071629
0.02631637817676946,-0.4793861419099781
1.1692444402085989,-2.7499334699555575
0.9037496050680773,-6.340419687731576
2.809407142739505,-1.731006178312062
-1.7437235049048203,-19.83307891176005
1.2171857310195988,-4.346136450770617
-1.1336657867045994,-7.711784334991428
-0.7597160344350082,-2.3498107044454226
1.90672108520933,-4.545138504831068
-1.992199948486119,-30.935916043333997
2.425095932586924,-1.580159208027681
2.8506819806881127,1.196390624559546
2.525640548069287,-2.389903112659625
-1.4181929344889725,-10.996150439101973
-1.5649180944767176,-17.151987316649038
0.16300727398795534,-3.1338193377967745
2.320811381479545,-5.671409357379478
2.99084865504745,6.682739549332084
-0.727136515245721,3.262586538486655
0.5782860524614137,-1.2512126178398035
1.7896635412623416,-3.7332434306446958
0.2690986302868761,-0.9932008546874475
1.1127618219942352,-3.754065523805568
1.8559264794405284,-4.015641660132124
2.988281053275692,1.6578268751815255
2.97274095868495,4.46954976878294
-1.6528168226583333,-18.80220943735954
2.8072711192112614,2.4301570823517142
2.858555834872293,2.2376123740404585
1.8193602006208844,-8.656956541448613
1.2775858196774528,-5.071524657546968
1.3328182445344563,-7.13156139387495
2.148868882941973,-6.784510093246128
2.900986015094845,2.65586588662562
1.2669400645579714,-9.61188430202775
0.8158840297983296,0.5934847529080329
-1.4143852163312969,-14.443790259250115
1.9941129589740791,-5.490378339034399
1.4014304303866,-6.504329603405559
-0.2956045001062657,-0.21546812825749595
-1.968050808147635,-28.079472142594337
0.7980854483353319,-1.2370012972988085
-1.1731621292026366,-8.489450900856008
2.5951910416220603,-3.578821681639687
1.371451097844333,-5.650945059106011
1.0989378260373734,-1.1556955799763444
1.5864699401389117,-5.9739959284571995
-0.39790615451270317,-0.4747906606228932
-1.6536846762477828,-17.28800920767712
1.6213492035316985,-7.574573988880665
-1.9270820119942456,-27.906920194417328
0.45104791144400913,1.1525042175202889
-0.1404861257156258,4.116176707315098
-1.278808648106025,-11.051361644360211
0.10749254240015738,2.832017904371191
-1.6959060332043552,-18.405690812510784
0.23477022105851786,-2.1854366029634305
0.5621106594089413,-0.18082790133201154
-1.0845379778617008,-5.427542502129741
1.1257611152234177,-6.043279855138165
0.7040115733153987,-3.9556351659210938
0.06099852507386894,-1.558667796733146
-0.6547264135982527,0.0533736984783621
-0.4860003657980221,0.38281644774702334
2.596632140039075,1.7489726160856867
1.1303987198242118,-4.933339335288005
1.7113368062804208,-4.461581720955975
-1.9663201847896188,-26.7810054136989
0.08671337038719029,2.5874387036046826
-1.0718677905015093,-8.163318037507592
-1.9105739868884806,-28.27306623735943
-0.17138951026570526,1.8035299760948673
-0.7212055614349804,0.1212797342209535
-1.2537217860029926,-5.800768229028609
2.4424225226506406,-4.106020561919339
0.4822208157090042,3.5941968184594324
-1.7770132911978962,-23.991194608081177
0.29266491077126267,0.46837877144709955
1.247002314451949,-9.011360869538787
2.341516226354954,-4.3116205338835005
-0.6698864862710157,0.7784339060195578
2.4673054560381695,-5.746173492693365
1.1661169127980084,-3.607129656817614
1.0880676858598455,-4.437970458019554
0.40014670328677404,0.25718447385211374
0.6262765589932497,-2.069111255982241
0.44822996765191414,-3.8936482185288925
-0.9153531260233543,-3.87611883647847
2.4764023818394927,-1.8884139271675728
0.5174161421127614,6.080008090465338
2.10342670527754,-5.611701976030796
2.3789701995585624,-4.1998644219072325
0.3244755009989686,1.6056544196461668
1.9339150565406826,-5.930335476805529
0.22761455254102092,-2.222083666532777
2.331485980482861,-4.455512153724142
1.4573869215567026,-4.957539867958519
2.133107087969691,-6.649962478000017
1.1751289462832304,-5.848986909732839
2.331190244265861,-8.305734737550475
1.539727954587005,-7.09119397370749
-0.4387063532109141,3.7960782469527112
-0.8741364101224651,-4.877638442332131
1.4304426407204955,-8.026634535435695
2.867719142700224,2.9808360139125387
1.9350055006288844,-7.7729637288151805
0.28211924908240693,0.30344293078688134
-0.48428372675864617,0.42607640664674257
1.9273842877135836,-10.926568487522161
1.5829758666805356,-7.073643247014337
-0.38368152381151877,0.9244550744664914
2.194725988453304,-5.750050349265598
2.0033129411458708,-7.029947475323566
-0.9043744680276826,-5.828436075537255
1.535940581227334,-5.6236139789677555
1.9545705308038865,-9.28594644071467
2.1997961339315717,-8.496800415003161
1.7961542880732315,-4.2627266017161425
1.0769195641338358,-4.432540676992678
1.1728915224576277,-5.527475183622266
0.637498420161922,-0.6198132425137548
-1.4171255749070404,-9.761607876488375
0.833710901187771,-4.244507585791683
2.69117631528224,0.8992740390371665
-1.3543964448204442,-9.103538013061456
-0.8665806201817836,-1.486043729953498
1.2998217762305408,-9.196145808408886
0.10933341433237498,1.7004387631010864
-0.39683159145133073,3.4666245434003558
-0.32134885190266393,1.5580350167809898
0.8483059209626846,-4.607645290671392
-0.4766967242816593,0.39297375756655123
2.0797664811268453,-10.170682254737377
2.632274922187211,-1.733870047102662
-0.7149984755192205,-0.7656200049263979
-1.3097059025932483,-15.483652410660044
1.7323874551592278,-6.465043421315838
1.058458448608854,-6.337906627352225
1.4042022805517043,-3.754798424587714
-1.343057516119881,-10.169714106736752
1.463524108532352,-9.625356708665343
2.307170560970258,-5.154694676252582
1.5674108017073438,-8.647007784468626
0.44514396480495044,-2.6365436548882286
2.8143794906048365,-2.792147794507027
0.9859684476576529,-4.926717800952405
2.2762801878866066,-3.413163186565117
1.8069675749059728,-10.709653181372964
0.10409068076587769,-1.5938119920761924
2.2987771035842677,-9.789510956468206
2.512472866294975,-5.857640165295841
-0.19788334344268188,1.1837940423027231
0.022077239661030035,3.2030586236260623
2.7717647397730305,0.36231844395960866
2.5360418869679604,-2.359950536331322
2.6911447462385887,-2.3049096670919687
-1.5706185029511808,-14.57803629861547
2.3046578326484894,-8.364965364045117
1.1013877333264706,-6.169119253973662
-0.3971284670207895,4.2293861329140165
1.1706745817780382,-3.873405288303784
-0.27208891977289573,5.477162171190207
-0.5170177943104974,1.73542809098101
0.8600815725032942,1.4098852167126177
2.8665285741299655,2.38169970840249
1.6161302971644425,-5.736536655256231
2.002862607014672,-6.035499068997026
1.2904525971847578,-5.915110796076618
-1.5191929550014365,-14.923675876393123
-0.34922761425714244,0.7847591808260772
1.461203439388687,-6.643015074537937
1.5293189026885945,-8.118228342822842
2.0730670038775045,-7.461831405277284
0.9812445166671675,-2.533592028249889
-1.3943152172354294,-11.788793411943741
-1.2962399219707343,-8.471560959431551
1.0340105192747946,-6.703516879346736
1.1739937967456515,-3.886321902650576
2.1207818936355363,-7.715425495756984
2.1051860071966804,-10.22820392729016
0.2715385325016024,-0.09076543586203523
-1.0998721737295518,-5.782846485654888
1.409693705142614,-6.110109683858582
-1.2685991912196313,-11.085950751894577
0.34865520641797776,2.3782327021071867
-0.8270911324906565,-3.394441945079691
2.186084038159147,-5.311142645717006
2.1907680675680785,-2.751724033761543
-1.5211562563726866,-12.29518125706912
-1.9573611200763823,-31.656796767857852
0.5376286087632054,-4.57972837790596
-0.23755782181940788,4.670562274696115
-1.1618204561335692,-3.6968257083526948
-1.6940052474025058,-19.466192366637294
0.32150552821552836,-1.0076460559732294
1.5769691315415129,-4.965546234175938
-1.7515475673520284,-23.80399793337815
1.2265309568681793,-5.238848118527111
2.1421647918658184,-9.145750085311382
0.7516396665738814,-0.05871373713289518
-0.21993371409644014,-0.782177950208566
1.4887690220336083,-5.576590744293648
0.7263203856950771,-1.0113645543584626
1.2137027707222519,-4.285523407573653
0.4765537098291941,1.108010107084623
0.7276834925072357,2.4319445608583243
-1.6385349844737644,-17.764491221308088
-0.7499800838089536,-1.3505334709719679
1.6812709997341186,-3.6383162886811014
0.5454392574156608,-3.687047613350597
1.8288022828270352,-5.623461618615814
-0.3211199504202522,-2.736028067271289
-1.2657556486341135,-6.0078811657719875
-0.8451671760539279,-2.765178784109711
1.8022542807634654,-6.3554745800732135
0.8636536267487007,-3.9581265412650297
2.659900937990903,-2.4210146078028867
-0.7790590428621595,-0.5170178468272513
2.9043588949948482,1.0649094804431387
1.9200107253879262,-8.211506700191755
1.2699911318209147,-5.339526428653219
-1.700167255243724,-19.292947359398088
2.2762558747847317,-3.8913586069811847
2.293318016433285,-8.861903418371885
2.1218019491160343,-5.908631220894352
-0.5919908713555893,-0.3642566982263517
0.5933391493276137,-0.7841224929563406
1.4570574127418063,-10.651306931007237
2.875325256367719,1.39209030237767
0.17004149825526138,-1.1140539454272826
-0.8421487160090229,-2.0238355264458834
1.0505202212833087,-5.426506729569735
1.3175851589676375,-7.882150363254151
1.9569842577898613,-5.214683799175346
-1.1656469186470018,-5.9044185566058545
-0.4763748176167586,-0.09166801583940087
-0.8689189142011586,-1.6284086280375762
2.8786861687185947,3.953216692849968
-1.7307883814466938,-18.592915028859334
-0.4513477672137589,0.774792560303387
2.8875883175407715,3.0082882463578535
1.9414862335529364,-9.337664915157909
0.7467696512976199,-3.644252169375034
2.071548042260668,-10.461760028931572
-1.6201293401106958,-16.211753459610662
0.4496255480175879,1.1319381622753883
-1.3173342714026586,-7.447562253938222
-0.2519197412868106,2.701433017426118
0.9736537085631904,-2.3643096823220193
1.7442634752435526,-8.955584723170983
0.7334803329548847,-2.2172981388350363
-0.8214313180202331,-0.3222068583728115
1.926010478295649,-4.533942345292742
2.9471902203284976,3.0634392214921475
2.5072724624647718,-6.428748229328114
2.749658908520871,-2.1752655446109417
-1.5365145628042047,-12.579639225806183
-1.7871914355155798,-21.570098682114963
2.221447057804866,-6.408490174585797
0.959296348046645,-1.5822098666662385
-0.3723977819877633,2.8834735266258242
-1.6470667002229709,-19.26463476332298
-0.8232392358909255,1.6119032456470639
1.7352125141451875,-4.775630993128339
-0.5290338656279725,0.8492681372463853
0.9298711756053009,-3.2478807432010806
-0.17046226058856284,-0.27519108753847266
0.9522748068508449,-4.099484027632711
0.4940011872432022,1.9855768850333844
1.75425620012303,-6.810431299532078
2.5065160414546703,-3.471133673782442
1.7966404849638105,-7.405101071412751
-0.15519370861101933,2.684757899628785
0.5702566054496137,-0.8066382398950563
0.4175437589734434,-2.401733837763582
0.05330002487123586,-1.2441563939317581
-1.7882362544228134,-24.904082572138982
0.10738150123550083,0.35278591135968584
0.17850867303857898,3.908566980641268
2.1266085126696535,-6.659983003853473
-1.3145507705831332,-7.8295111659133205
1.1541863301908615,-8.088360951291582
0.08602090869374557,0.6742700159537626
-0.5948934882636792,-1.0838950467625927
2.5438009038372282,-3.751139322844867
2.815068287605248,1.159421954170687
1.0973466466960176,-4.10257109613107
1.014296138773283,-8.015023563621448
-0.14655880380784003,3.3978979164561385
2.4782095934909716,-3.0561087853075843
0.061582789986686315,3.815092983424984
2.6726528381297543,-2.244506331173646
2.9090512385846283,4.251720622264489
0.26295121982168324,1.2945941798096334
2.9267388545877564,1.4993572603371463
1.1161752799357254,-7.3371654486544395
2.2733080699333783,-8.147754694410702
0.0937294703939453,0.8195460838030707
-1.1260740907640547,-6.248660622744073
-1.613614260609456,-15.350285786111044
1.0719217425619387,-2.817422905680248
-1.773594396413583,-21.13248942529863
-0.6737972822672849,-0.12846637789547866
2.0374446792414114,-9.008514574609555
-1.4981305975081938,-14.13490903463403
-0.5049336994310791,-2.031565878103182
-1.226178115954236,-6.6364572670439905
2.6042702697281204,-2.080598858267871
0.8596866652489243,-4.241826040968192
1.3001467435250715,-6.0126839739198905
1.2227991193934997,-4.331366334405151
-1.8362056081349998,-24.993952777274252
-1.7577122635471318,-18.735585127446626
-1.365567396041277,-9.424184852695571
1.337541729112412,-4.872840960119438
-1.5144917835956322,-9.026713445069442
1.9544439006100403,-8.519101301927476
0.6195658399767834,0.6457793669124121
1.7750678460147058,-6.041745772018564
2.2224748462659907,-4.769696153316959
-0.8174199599303582,-0.43997487780206024
-0.9222345499969564,-5.44023386220789
1.2947674720345428,-5.058211875906903
-0.020280069652948596,-0.9829477631718826
-0.2933178486068444,0.9868737300608156
2.1146596375688516,-5.887677786325341
1.6405830408884734,-4.535455565735617
-1.579662905179776,-14.676577744071382
-0.8617235843121667,-2.804545379347774
-0.8243608553748532,1.102171611340033
0.8196377410027154,-3.2999464159061778
1.6849731519084763,-4.2806614536106125
0.2678634086297893,-1.4355932553600268
-0.18045888871647708,0.1678842534696494
-1.3680584151744535,-7.041585816862632
0.9410850625163567,-4.59830055527345
1.3940556785603682,-6.445393346830219
-1.8060221505434737,-24.315233680118016
-0.6877046651653367,-4.06485163349088
0.08505379472130414,-2.2880586315749056
1.2060808407950687,-5.127012826648417
-0.3187297905677564,0.2059783941860177
-1.1637414903223657,-2.3806342495537853
0.345203326180326,-1.0502110005641216
-0.3401955260872107,1.0549960933360707
1.810679303001756,-4.398318440730945
1.9915720044746439,-4.040389111197275
-0.7095023510711211,1.7887399839389695
-1.8220607544044252,-23.489435579302093
1.001439924884397,-4.2439315111800795
1.2180738136943328,-6.958721823675436
0.5888167300327258,-0.6629362301493983
-0.8391738913145375,-1.2685167133073199
2.473819163494724,-5.590502934259208
0.8478122518892821,-1.512820659191274
0.3149628277684009,-1.5271895183897675
2.7432454229448524,-2.217138459241383
0.6111823599232551,-1.5397110652485306
2.9432750146258746,3.635527572526675
2.086311182190019,-7.488954768334975
0.47126340868790084,-0.7751734112443026
0.9274042760392454,-2.3264675903920073
0.7943378621823673,-0.2612855492445618
1.7429046817580565,-5.8260124807297675
-0.28246787224974246,1.0709956711686934
0.5296534193656166,-3.0010161628539387
2.090242804781214,-7.022820184714782
-0.18626019501091484,0.5026722808051289
1.392117420825342,-5.344110625673325
2.791171275777108,4.052953300865015
-0.7309232217558697,0.5660162795491357
1.197413081273588,-4.546009405412472
0.3940513273773254,-0.17490260944559305
1.9375235246865552,-8.28948138692247
1.542865801260564,-6.680647925465555
1.03113737267494,-6.841467049545214
1.969034832859978,-5.80460003546287
-1.3363190396969715,-10.136473169131914
0.9867450671391311,-3.773273126392952
-0.18508589189220936,-2.904916461544641
0.3988236651166206,2.585377715487661
0.9483517710761364,-5.31753190175934
2.5289579462064413,-5.306843572844908
-1.0132572945043181,-3.0652214358754053
-0.9840856288971505,-3.0473184062994676
2.8943752096050392,1.826613855486689
-1.544459083210497,-12.518308154869194
-1.147159000022258,-6.839834076827808
0.24567189420081448,1.5319874053517157
-1.6994559744197384,-18.63411229629865
0.6826146657651417,-2.260598386451666
-0.9279064741511975,-2.237597042424842
-0.1929858182297466,0.17623887759652423
0.3697387477602385,1.2345969734396436
-0.48055262764314977,-1.0300252650186439
2.680895261036582,-2.8829278480933196
2.3083663586549754,-3.965430986081042
1.7968026805618882,-4.762105182790869
1.0518562998605785,-6.784734170698166
1.3872535667085044,-8.104928260511285
0.9261114239627064,-7.029032949369746
2.413949706787302,-6.159112240006916
-0.9009223776688602,-3.408304484169615
0.6541570180523251,-1.2245238439518933
2.610398249581614,-2.530065680071566
1.3810581273852391,-6.192897857764782
2.5608682592077585,-4.005186651271638
1.577148614857033,-8.869311284143302
1.8874950426633479,-7.304971448028785
0.5620794701588832,-0.7307711152078357
1.728615488302366,-7.637295305525546
2.574601341450234,-0.9264724202037966
-0.03736703042858158,1.2491681194140856
-1.1086894745685614,-5.086288481607623
2.31690175358494,-7.4526482154378675
-1.116875425425095,-8.532328409029494
1.0721073491671729,-0.8342151025348765
-1.7141894432056464,-22.095930898728795
2.5577807082737527,-5.277533005415884
-0.41730702559990895,0.502626103088015
2.814981825560502,-2.103926703566302
-0.026032380618320916,5.642888411655492
-1.3303903709797602,-7.740881667782332
2.619530291244473,-0.4819415391634103
-1.853774450453519,-23.973565918659375
1.0340985409424142,-3.724589547743788
1.5438487565866068,-9.491692759152816
0.47433612518151236,-3.0701472224738433
-0.3331499133550191,1.342323458983902
2.3117543540128294,-9.328805952468253
-1.3370941376178918,-12.036465638688636
1.3431553734508306,-6.161528771624864
0.8776121548852678,-3.5639810367290803
-1.964030083954853,-30.704681588882995
2.7607344328561148,-0.5177510577012728
1.429581561280008,-5.366793442072846
0.6789602385771607,-1.4594820984159658
0.938517858979627,-1.0541030879484201
-1.1314897045455923,-4.4387911667129005
-0.5853360443046407,-5.593261454650934
-0.12269169735282359,-2.8019849393966565
-0.7911847918625485,-4.198440659494921
-0.49705398558915914,-1.7345235628648457
-0.5265154934291405,-1.290243232467369
2.824090141309111,-1.0539359747785486
-0.6593681191222731,4.649672752645136
0.5135070701205149,-0.2515211525975801
-1.36675667172499,-7.625013712942929
2.268070143125861,-3.60818547971595
0.8475203428130254,-2.8922959338600434
-1.39622763698437,-9.986234365593086
2.9288575730955593,3.636698183166974
-0.9347909612515624,0.032411741794788895
-1.2255066549296632,-5.004908653397791
1.719126797844929,-7.6361970194353015
-0.057980191013420335,-0.28370239791395324
0.189387335433012,-0.13914701318211786
-0.5674437111825996,-0.10367957775221687
1.8400373581189164,-6.2286404165650415
-1.5998718851918652,-14.892571287429359
2.959018874064249,5.28759988002343
1.5848938537272885,-3.9535091112341014
0.36588116835189366,0.5690314600437021
-0.21820102081086512,0.5186191994665524
0.1257139266352798,1.4097002680296762
-0.12792085987951607,-0.23200592221165128
-1.789681761745204,-26.1167468440944
0.8771106954090104,-5.888793536192708
1.15358699877132,-8.281318043536455
1.0678587639049626,-4.0025401652932
0.34055428173454594,-1.2351496764622403
0.36271437428764486,-0.877606517044068
0.15136726541691825,-4.423254897785954
2.7616872362600287,-3.3289511854659986
-1.7554268199280973,-21.88036327693724
-0.807426734044062,-4.418513536631485
1.1008466446017726,-6.024374854656414
0.5098526357116562,0.13269880402373202
2.0743577134297073,-7.620907246858156
0.3184878319469231,2.0487051693363236
-0.5855359350821792,-1.3420733116418633
-1.8583032367369905,-24.72528018732013
-1.0105286042899002,-4.803474286212415
-0.7351796341000338,-1.102366694031791
0.3620969304043138,3.7080361155966894
0.20143523111915762,2.1955496893589794
0.08076932555085925,4.017320593676069
0.1124769653377573,0.10221776625886092
-1.880903193532879,-28.07030260098747
2.15783839020846,-6.717645185879499
-0.2973080912967978,0.4951204885158702
-0.34256516609255305,2.963621390019043
2.18373044478538,-6.842075788823257
0.8300585287535651,-4.49654718078109
-1.2926738191663327,-9.298928568090048
1.5662725909152666,-4.744173791863839
-1.5064607179596488,-13.504532761626796
2.2076599002386565,-6.8604257604985
-1.0336896174474886,-2.959727407993493
-1.6780236971468696,-20.685045015581764
1.108669461610638,-0.7842642385344227
1.8775484822786757,-8.949558388286187
-1.251855811296933,-10.911952613845706
-1.3004523041263365,-6.460767108931037
2.0822518118098916,-8.019564543499369
1.3187618215746677,-6.7109784932333305
1.2578245436619122,-3.2931958914853356
0.6634189344387158,-4.165671299788287
0.6759772615812762,-1.5007983942497005
-0.324601853712722,-1.654078469016511
1.3412888056096701,-8.946038755718613
1.2102105348887564,-4.057331742463735
0.6303289657907358,-2.324809383011625
-0.0865504000374262,-1.2420050659954018
-0.1649256643490813,0.05137759616188009
-1.346664032722467,-9.375213434642472
0.46656525989718034,-3.0199565066717997
-0.7767405818917883,-1.110511516082374
-1.11245516004348,-6.888775225261692
-0.4504858851756697,-3.223839457276374
0.8185079192961693,-2.831595012061513
-0.5012527733060972,-0.07998073561300634
-1.043287554337407,-3.1105343299986696
0.26713973656953716,-0.7322464015585441
2.230740501731445,-4.768246272679349
-1.0172894415889955,-4.457013022880696
0.9877055030357274,-3.5655210053846806
-1.4250481907393813,-12.727311552868434
-0.9845661965689345,-5.383064648670136
-1.3150364344098886,-15.372278235749462
1.0842892154109283,-5.918624592050763
0.546251073548814,1.1916371826457879
-1.785690685563876,-21.191750063618084
0.16360440941378585,-1.1648532552779087
0.4539283999649708,1.1226531009566432
2.775925584663325,-1.8496114185822312
-0.48474675227936803,2.212762804155262
-0.514327616420494,3.1364881116535623
-0.9882478489971007,-1.9522121058649775
-0.9982755184460257,-2.119588753570761
2.2110018767035156,-6.61265019934394
-1.9941188368613365,-31.083873675512976
-1.123796363699563,-1.6642414698311558
-1.7192490153667133,-21.1063601429284
0.7442597197053589,-3.071559728349012
0.25340686311847893,-0.18506069544210713
0.18781325350998657,2.383446317348813
2.9462140405725474,3.662857306386276
-0.5473711779684058,-1.6762744919341301
1.2456747446729208,-5.72418386727957
-1.292849357507701,-6.364318725535438
-0.38934562272230355,0.8667464730252634
0.652979835180798,-1.5111881060699002
-1.3646783016574768,-12.31291394447162
0.9339733978965987,-5.2566202304367105
1.561439490932059,-8.352552987986712
-1.797955543170827,-21.444829256511294
-1.0586594088552763,-2.906322369769472
2.1630658794799977,-4.0716944631931895
-0.6755184407573931,-1.189490378824559
2.782046449095583,-0.06072863189222774
-1.8663851850320277,-27.017556047368902
-0.5807597503945239,-3.5831271733005265
-0.7131601278630344,-0.6374386505410804
1.9877496761239675,-6.68365886747607
0.683615718515791,-4.345646964071816
-1.7599098710742944,-24.18055931358454
0.23128338691035655,1.4147322142455079
-0.6935209545935188,-1.1082488617795203
-1.9479653891220559,-29.000807810238186
0.7068265040813255,-1.4583167180939607
1.5381623973274472,-9.23458313916871
1.1635471572344227,-7.065314649935047
-1.276045323943924,-10.158148150268682
1.1631055014054326,-5.515126536700805
1.5391966718255268,-5.846206773218848
-1.626653721232934,-15.810462171147076
-1.9929344593667813,-31.563070485111698
1.5216156214843135,-7.628616760792806
-1.3221405318200419,-11.402900828669262
-1.7792261386529327,-25.58321538327943
-0.4967727636515007,0.45017229171115314
0.9564277939976344,-4.0244070351569246
0.2764228061930796,-3.116842261756993
2.561070116374955,-0.2259698731896176
-1.405763387295607,-11.31924274072128
1.4538727157273637,-5.693783262425275
0.22011688566931875,0.04463666409158207
2.019930720863714,-7.172286100372666
2.171767255405725,-7.0818593395951535
0.7224548582623269,-3.1650153067992544
0.32198372431250677,-0.12310669086231057
-0.6054477091676407,0.25506622137644847
2.082271755881685,-8.794137690888295
-0.2448981372823693,0.6826574288333285
-0.8057977176948588,-4.066139899219859
-0.16833393438587185,-0.008252033936152703
0.42752869713468744,-2.641297049950172
2.7394082559639603,-3.0218808681425466
1.098376085195417,-6.253085353275922
0.14173716322529506,1.1918685861337661
-1.3371620449180632,-9.577533392152274
1.3081359176361942,-8.19155960502182
-0.08646861056683308,-0.6126497793288255
2.0776426033281883,-3.988638377757289
0.5053713195173639,-1.6216513684828802
2.5011060854208154,-4.921512411414552
-0.5644125831123157,-3.0091959564240924
-0.7728313791774137,-2.657335671214136
-0.784132963024649,-3.124966328746315
1.322442243498012,-5.1371941318137395
2.4541426588930326,-3.173565961004364
1.2271929632967695,-4.865183890454488
0.03688362780214316,0.6320225780624413
-0.6225980114451128,-0.014480566260823946
0.4249748343880926,-2.35126111309452
2.9891081830742863,2.1231487745645863
2.103194430250193,-6.2464789005984045
0.9034625943365193,-7.269573346921987
-1.6394564374666536,-16.97436870858335
-1.7546925312397614,-24.690991637882288
-0.22778905089494073,0.5323386572604901
0.4030113862831328,1.1942155933419354
-0.3377489602550052,4.074601174646757
-1.341919263460801,-13.191938692858303
1.1000678936301456,-6.7205192370897855
2.4125904826759603,-6.561634030572572
-1.518486150174212,-13.943455661927224
-1.0340677019402076,-1.1983213257665084
1.7573616480612722,-7.243908084544943
0.32847913365399517,-3.4833885919612175
-0.1638006500200948,2.4771017760236775
0.11227731352769998,1.853417513468181
2.0369170597096202,-5.120855027259162
1.9958927665679065,-7.064732218547266
-1.2458636613382867,-7.907155301452776
-0.20111309739588235,0.8489950567548432
0.3636617627902905,0.9782174723658179
0.4863572540300911,-5.645033537339584
-1.173612983421629,-5.468758242858719
1.304842726137775,-4.731595919540666
2.5350669793940543,-5.74599830577948
-1.8422355373827441,-24.7134640168066
2.439967438655711,-1.4340946844150424
-0.3243282055037575,-0.4325184736789893
-0.7426636021003294,1.0552566770541625
-0.025604033633819245,2.6387509549481143
1.502860271963899,-5.466297319360276
0.8483475083457881,-4.574416158933786
0.762625621909903,-5.5499368650549545
2.1316286194624094,-5.588759288621168
-0.1367217716081659,0.9846988775828824
2.4659719552243917,-1.7579521165768601
2.6229891683665594,-2.778059217503045
2.641410633813158,-0.23043609019502886
-0.6477733197091577,2.2720489646243287
2.103113760412459,-6.4668979802961015
0.9830774264562181,-4.564828709423576
0.7998121765716744,-0.5971143260548546
2.6736637096028693,-1.7244667672521738
0.6573368495865952,-0.2165646176868541
2.3613496544100103,-3.195004724552729
-0.7072843402173561,0.12171654934081289
2.648910827697808,-5.102885059960523
-1.7100695006534004,-20.00909262473832
-1.4364377693888313,-10.37650153722372
0.46304043159124797,0.6208011904569071
2.80224993616274,0.8333960145070801
2.3783857865776037,-7.4768058655473695
-0.5013831285640207,1.9863436334885927
0.18795165183656204,0.6337336461224905
1.024103436598462,-3.9212706073971146
-0.9023282088358839,-2.404316791022263
2.562138726109178,-2.595121923427871
1.4601762747511353,-3.3274808255160226
2.9719885130775943,2.766035171826187
1.2929985957452446,-5.2658356293720185
-1.5917173827854552,-18.858241255390798
2.471915876478506,-5.255004865415009
1.7910935029684896,-8.571449635187916
-0.28715602042270905,-0.6696860153172717
1.6297518171346637,-6.130979189236287
1.3509499560007763,-6.393486662092957
1.5796900210480014,-4.616160157728796
1.2939290142640454,-7.249194920263447
2.6993520234361332,-0.2583568532162299
-1.1038272524372232,-3.4041232571798465
-1.4808339258607317,-14.322996308015881
0.5775530243181217,0.6637633827279883
2.298480110759585,-7.591772600875985
1.3112250329686388,-4.799741138725154
1.604524406957828,-6.941930698466913
1.0049888253147121,-1.4904683328127262
1.2222997271372895,-5.565543254005697
1.4198709641194922,-6.412676621493083
1.1192246183460304,-2.3461786309769157
2.9929480758691067,5.41038294519528
-0.2531641058983696,1.6033973013146905
2.023189904740577,-7.278507637391305
2.013884705878862,-7.860501371934609
0.605183477724768,-6.823592240538126
-1.7615916310038058,-21.863566503976063
2.9449556406948307,2.428789309422724
1.8344867394649929,-8.031286928859972
0.07325335322198434,2.6553885985929013
-1.4209341005570941,-9.946697652448616
-0.5592088389667131,-0.49253302830528034
2.577682134791779,-6.969131031304295
1.8248117342166141,-6.661900879983646
1.8272158406861463,-7.505183208367124
0.7253943054488614,-2.2205810354528284
-0.2200856000225193,3.0389805303313406
2.795206529071333,0.9061456293879295
1.8526163033131997,-4.5841755027382405
-1.8372081558826623,-26.484647910165084
-1.6175767792632465,-15.485020916280728
-1.1431036665634668,-7.280555791909914
0.6758631193187283,-3.9831975083126063
-0.8802857348664721,-3.2688918854450986
-1.85953900213878,-29.65698123376041
2.4629891134325677,-1.7815127581247356
2.6578349825790673,-3.3519355992591553
1.2959878604044155,-5.412025414741241
2.1528994061194453,-2.750229761312501
2.9198747004315475,1.9878030564433389
0.39230053760359107,-0.24498473391787315
2.750190879224448,-0.10446707535254485
-1.6820031597118017,-21.478783668663432
1.8385432696586603,-6.634176457170318
-0.9737645362381819,-3.2194811520962947
2.1984283540885183,-6.974670272860859
2.720822038592546,0.8699247939710921
2.154152812255777,-9.434645169426524
1.6139081914130378,-3.4060916723373156
2.612858237648541,-1.5664468787793429
0.08610673595328233,1.7693314301418677
-0.9723587052159619,-5.14126036427255
-0.1048637656517819,0.08980072620177215
1.309589746357637,-2.917324147018704
1.8629218179964124,-5.73714556705572
2.6290601439006123,-1.9310013395020207
1.502259221344402,-7.959812902092423
1.6840886831539765,-6.234951939254179
1.2513015544484887,-5.292696818984054
-0.5210080232842667,1.2297151691568897
-1.3921106951615703,-9.935380720830315
-0.3500544206366101,2.880911523199704
1.6929954663419542,-4.509010806141577
2.7108066497861323,-0.6690172697423683
2.3407486048836317,-3.935772072037137
-1.298714528507973,-8.953147372413804
0.8446784746487488,-3.3592229189901457
1.5876951605686869,-3.3312399926725247
0.7048411818196465,-1.649691667895091
-1.4800322203511345,-8.759255376572256
0.6971394397067883,-7.040139821960964
0.14440957472917626,-1.861027470765741
-1.3055259623446758,-6.013304956114865
1.5885603029580846,-7.833193041413461
0.5673081614738242,-0.6521519234854782
-1.167507309772997,-8.44070489862062
1.1921566228127247,-6.586355739858657
2.882925176032516,-2.1818551459431346
0.30115031890454613,0.8791171180946242
-1.9885804431503111,-30.20355352002828
-1.6188578049093865,-17.62523334599209
2.3325475553613533,-3.0039480282357798
2.378610647693308,-7.121488264859367
1.2919529905460934,-1.5711102646094517
1.3390981596771225,-6.747592312848036
-1.0412606576533194,-3.600997273956831
2.5021279769464897,0.20741442296764756
0.0572324398205879,0.10239880048350514
0.9906976217990144,-2.8862261993703955
2.992991034270636,7.829870467689075
-0.6573921159354139,1.1455089717337195
-0.8624160520543942,-0.18737862718538878
2.7632377070317586,-1.3096180417239074
-0.04600195251573069,-0.3369175676026577
-1.2187903542815808,-7.106180572829813
0.17588140554632714,2.790683832611393
2.004741870376086,-6.815686970504356
0.995016345498156,-7.853147072809207
1.4625085226818269,-4.471395767885641
-0.7552860355396827,-0.6135592054033988
2.4749107802593215,-4.517553827996161
0.39136705684307405,-2.5531682981797106
1.092179442896172,-3.6597373759202885
-0.623075771743326,1.7574994714394023
1.3481729720462923,-6.260812762169669
-1.3914295899712619,-9.376328899061049
2.611474466668259,-1.777918072506341
-0.2861301716337037,0.6709805106165594
1.7695832112154855,-8.370139050991762
-0.8837602787027647,-4.419625083995551
0.8672230081243075,-0.39970429002885144
0.4943565178576863,2.8477587054793054
2.098457548260127,-6.259916310490451
2.305275089364315,-7.769453898657044
2.911971045161378,3.340338224387469
0.05375717574258054,-0.3331567703900128
1.6407417224601053,-7.6381912375673915
-0.43546309852811427,1.374524062735249
1.7415302289250834,-6.837088348442301
-0.18909122083886176,1.582563877991486
-0.8766658716684805,-3.724359274912165
1.266271229421141,-5.2467708991818185
-1.9645095203175331,-30.08121590669291
2.6397779651004836,-1.437969032983287
-0.31594528157180046,4.248752492259873
1.502377189017114,-4.594098834382826
-0.9799898679642232,-5.8114844821220775
-1.5567384853966775,-16.56762261346716
1.105862803029145,-5.718262146975961
2.1443387180616993,-9.029453656227059
-1.200080799602185,-5.764665597927545
-1.2351899261523434,-8.810139935850481
2.1213246911971426,-7.754473580727161
-1.004655972188194,-3.0110153730626186
1.2454541076708954,-8.2542551333216
1.1317559731681022,-5.042382490619522
2.859621158409804,2.4770601178199474
2.6937231200660134,-2.7280967273613292
1.0204071498245257,-3.9889123538207665
-0.71272683482604,1.1560903831990805
1.957702792909636,-4.149275184356299
2.5114799061907584,-3.989814574544476
-1.9733649592260043,-26.550302605161576
1.8036996193522632,-7.264855736060943
-0.6791198248656631,-1.8021779386767307
2.498203158069046,-5.806761674103243
-0.24925033521864415,-0.23009730769710157
0.43119158674237656,-3.3306577422350157
-0.7103040574637096,-1.3306443328395678
0.7631751783607701,-5.065768323560405
-1.2571687174636548,-10.255155526456619
1.172465986551396,-1.6816353838412863
0.9608042355296318,-2.2202501320152126
0.6834210914803953,-4.153832212245533
2.36047738713693,-4.36460441650518
1.859395993564743,-7.132018376414564
1.0307577741151732,-5.6514709073871945
-0.7680620256634496,-3.0485450448696394
-0.8975246946089026,0.7515960274517193
-0.8755908840536457,-6.474405056555196
2.0631761978585637,-7.83346453900678
2.5074848885576815,2.9633199631004485
0.9990822201061382,-5.8097285317484335
2.706432618209152,-2.9476867755563925
1.0015651312582206,-6.762591667055369
0.2805023872930623,2.6860496117443304
-1.4381965130906265,-12.569920605343343
1.1930517326483439,-2.6008976862838318
-1.6723086752651566,-18.057686480472224
-1.5799963200933547,-18.319413481908523
2.8975955846849697,1.4248732462884395
0.6087386654962872,1.663447810138177
0.6962224797688146,-0.46671054826993585
2.5679766739895307,-6.075284454045958
-0.6331846392636424,-3.009706650869383
0.2602890557076405,0.7129067287258002
1.772085475097808,-3.6957196630573677
-1.9456160864735665,-29.96197190996519
0.5064703951559721,1.1010211507923278
0.6088953132151183,-1.677730672127681
-0.3091725396305005,-0.4911780399616368
0.4461470850894611,-2.555560826643886
1.4894631549296777,-5.205319180093011
-0.7696283210154973,-1.4141050487824849
-1.8218568059722133,-21.47562303727218
-1.8114391273326573,-22.232454134076548
2.9889111642682673,-0.06835144623349043
0.4522114334110139,1.354786670192928
2.7781500050835977,-3.335844883101894
2.3187109684508123,-2.9406351309957586
0.54831166401849,0.16357931173497975
2.5815637154940543,-3.713482399470805
-0.9411454137330475,-1.5530706221893835
-0.4102732179588675,-3.5145514266055295
-1.2567274818766192,-6.6418020230969645
-0.5604811585561329,-2.4024332269712416
-0.7692375298946867,-3.126896149548384
2.9985199688771083,7.52657675930295
2.7005329552609396,-3.3305594060509405
1.5417549566973583,-10.248237961291021
2.098811766983477,-3.041978175630904
0.7219087628962897,-2.4704019290299035
0.2893318129022755,1.2355703195491272
0.31364351073630825,-4.706951887816614
-1.737934540100316,-19.920672403529238
2.349587421578441,-6.494030793087301
0.7722887296502146,-2.856500291998949
2.8373172070829273,2.8038480236778733
1.6752522435533512,-4.561612165841311
0.34677667809432,-2.2848433780024258
0.10930428440431061,-2.4465192676137817
2.288078607426784,-8.08282080948523
2.070761252906535,-8.964144725343306
1.626485560482759,-1.7475110224118557
1.2045426790176021,-2.71626521118173
2.289575194943729,-6.809689804870726
-1.3241650372750762,-8.083134462537942
-0.3415532582366363,-2.0075677239373273
1.5525239000049251,-5.999822477167121
2.538122541185081,-3.5156766991621415
-0.47292769304541227,0.9562349143938695
-1.1241993075758898,-1.8580150440136718
0.9139565914056496,-6.2326662395665124
0.03477379389820756,-0.1832194753056806
1.299041528584135,-6.2375127512111215
-0.10520828983253616,6.695752903240472
2.28244746321999,-6.812835564169007
1.6210365418615909,-3.4582233013302144
1.22711135719983,-6.455821295566028
1.8426325451222185,-6.817763311975563
-1.5310107749759605,-14.312498830561552
-0.8615858385017559,-3.170433078571621
2.9125068728614956,3.0510311031453865
2.813568048674666,2.6732215819626512
1.6522507266926625,-6.985882640224243
1.7838706959738184,-3.933744445146033
-0.6146277635065516,-2.5380669969405725
-1.3302528034372212,-10.913040310750846
0.10963050063599766,-2.1960429146550675
-1.4826348452144997,-13.94361606420888
1.0259403354521464,-6.026603130438709
-1.6818231110119006,-22.078197214133876
0.29293652698194617,2.2116095765212376
-0.7181756609711547,-0.8909998216478577
-1.1784122883989765,-6.934798533266254
2.579780473554538,-3.67201764240009
-1.1881256393612905,-7.537890491898085
2.34768824088421,-4.2815242867995424
0.5968003795191392,-0.01929610221919109
-0.16715253666158114,2.646938021184707
1.4562409919506494,-5.3870023974864685
2.6561158788748322,-1.1669764551679598
1.8713652738026099,-7.668525798871527
0.16190958629490382,-0.3402062346887452
-1.436884159857717,-14.04341890110573
1.177844562426463,-7.020691805491969
-0.9648351633878547,-1.1342649167068521
0.2655792749855137,1.1039855777870742
2.11355233225268,-1.886681084889454
1.044077401764124,-3.3512128839835356
-0.9027187062985913,-0.8529460377379177
2.034709820627061,-7.761228332101709
1.2740482011996157,-2.9368881703118475
0.11580779520752937,2.082190392663194
2.985033154220546,3.057050508501328
0.8075623943637695,-1.0530381109594475
2.7960243214788765,-2.3734366579641413
1.6167539373164503,-10.084349298633708
1.5079692278622696,-6.9468900555767785
-0.609313594205652,-0.41348165128596626
-1.9966372044545693,-31.123250288537957
1.6671833267902052,-6.4020976279794
2.6442307544331127,-5.372699933005965
-1.5918923579966542,-18.92789153025521
-0.6282593713566769,2.3431821989204584
-1.7042041711408633,-18.559031697708555
-0.6890178126744277,-1.7243154987690834
-1.4141782126361613,-12.76377762735334
0.279556044021537,1.885310776220399
2.1318950779934225,-6.873940045849579
1.800226854588908,-7.042976223977904
2.6986862770500224,-3.0914856853145496
-0.4851534821420205,3.7828675125174542
2.881271458569346,1.205357844187434
1.4004832094079425,-8.285341755733548
-1.885549597644141,-23.09327747597589
-1.6824389610484536,-20.31051615399973
0.22405505618778054,1.5751821807958208
2.2108429805612024,-8.976843692268538
2.7032854949775356,-1.0343481770737892
1.5028189046526697,-11.64088954771317
-0.14981381852319986,-0.5292123078835795
-1.3225849676213612,-12.877245906657398
1.4194825615626625,-5.595917546310638
-1.479968268269644,-14.319013354616192
-1.4131017267018502,-11.983586218550535
1.1112918417018576,-4.500964736705617
0.44014214000456464,-3.1976869738757525
1.510284321073737,-5.34113659759034
-1.7833001594985651,-19.07680890656758
2.910188878255716,1.6798523984933476
-1.291823242139638,-10.419868452028107
1.0825121266361681,-4.540561051604503
-1.1421262618801191,-7.926802784479555
-0.2977363544475575,0.5755495384688609
0.9762428415091913,-6.54067734321894
2.367078335780434,-7.432665020027346
2.4441572795529938,-3.5878529587991306
-1.968850056912712,-28.21203916429527
-0.43783368199471084,3.2918389132393315
1.611686348352034,-5.872230448564489
0.43999120782839096,1.4700127543881698
0.14995188180888164,-0.583239004280714
-0.6276065116818845,-1.9460396945480851
0.15213377917299775,1.8736391309041633
1.1730565522195326,-9.94616658138877
2.3461980283987423,-7.327581256860595
1.551609582748842,-8.5923141311972
1.2615774420173569,-7.017368178000374
0.8655558849283054,-1.3150039751004967
-1.9629485956063624,-27.9009077491757
-1.8549222471457432,-24.55398604981685
-0.8960618290372233,-3.9377922236300806
-0.19353491656783617,3.378394597196597
0.21163140622057108,3.68292679731361
1.268261834907149,-7.891874780117407
2.022567089517957,-8.281611708549452
2.9239343792408334,-0.7166035346486983
0.10330143750185172,2.28641800711843
0.13078723762763023,4.119805827413185
-0.9368059694338191,-3.120993020334779
1.1412417722927226,-1.1940019465246818
2.9336101152037966,5.6799176051268505
-0.8522724263762891,-1.0162580864770823
-1.8711862406168964,-27.902841927286264
-0.16434312739766743,2.4363265827325287
2.8582365211963916,-1.1925881503684086
2.5734450247784366,-1.8372983681026758
-1.6800346479070716,-17.08739691027101
1.817670885431311,-8.11848695330852
-1.2453624518151145,-5.641383567182304
-0.8251396881676354,-4.391227391528186
-0.23249914492473533,-0.7156551126111306
-1.9897318747180908,-30.3775386930186
0.52409372764749,0.42719877459175515
-0.43012401731226335,0.3572562486892795
2.6602109774070186,-2.7407494841950077
2.5874545916533913,-3.591319420675222
0.3908909580086277,-2.3429974733590146
-0.15688506828539506,0.7665299601638209
-1.9823928974381677,-32.39918014691671
-1.3284382466102345,-11.789732135354207
1.6773368868828045,-12.262347749618765
0.9988427645406062,-1.079752003363763
0.5527173907979033,-2.3126293355570366
-0.8209023812704934,-0.3051828012441
2.9923274391766617,2.4684558605433775
1.978585201133872,-8.092968215691435
-1.4126682456333244,-11.34546147110446
2.7734981060590203,-0.5742941199585998
2.857409796829745,1.9538143583830938
-0.3947864033531783,0.5085018337588747
1.910353176266641,-3.339447346698923
0.20390906768620898,-0.7662816386996512
1.637832915785161,-7.680074450211319
2.2626930111987633,-7.554779837973903
-0.34872070716416226,-2.3086807197599164
-1.570371358079894,-14.952879421486713
-0.09207361932799785,1.0136564562892518
-0.7053510711494508,2.193125702392588
-0.1249583204363347,-0.012459199556113187
0.48863707604809026,-0.493035268879971
2.889647744573816,1.352597813148912
2.682917011474002,-4.880776893689583
1.5512136016440117,-4.996213526038885
0.5760487856325187,-3.6216642595967885
-1.9118594690621835,-27.286112262640383
0.2194681884146079,4.829511082705388
-0.864117769583435,-4.658311903847766
-0.33855518017242336,-0.920953160693788
2.413799655068657,-4.0679420392356604
1.0071501485143077,-2.727079850096202
2.8943203406170603,0.5361538409404945
2.0923731791456754,-10.073406329355523
