2.6925178663138194,0.566870497511652
0.14151143956341872,0.16425169299714631
9.539035712915357,-0.05499427402403568
6.157844283782177,1.1750543344910536
2.06492264629615,0.6245810198896394
4.970733375537212,0.6340460965835886
9.073831490173296,0.29754255536624574
5.393080972693259,0.8353784645815203
1.012626936267138,0.08358534935892309
7.6652288104901825,0.3693389315811516
6.097738414046656,1.0633845041231063
2.3590083765933603,0.46808500925297736
9.59924664679889,-0.03558679685062492
0.9689258315991978,0.22915362931205877
6.759540953805438,0.9269466682123294
6.034819742248285,1.1903947349101955
3.5669971362257655,0.34345492930087285
0.6222345530528506,0.037577846111427574
1.3934885745642145,0.2686787753827851
6.772556220704282,0.8814271884002666
6.204882061502542,1.0185116273220365
4.636207580130636,0.8515322763512602
1.0483111749310148,0.1818255181027894
0.8889312189418863,0.3690780167427594
2.9076227154322543,0.33853544246124134
8.809893679808784,0.26120663632486446
9.86001675139212,-0.17287662957656225
0.7606749041877203,0.5190807824792512
9.425515873023556,0.02734083129000452
9.152764382304804,0.023064097498945065
5.040119626402331,0.7804591504966776
5.650451972287154,1.1680499977378385
2.3073766981302213,0.7625516916427961
0.7728182928806338,0.26656756735123793
4.806597771537952,0.72106161448458
4.838427670018372,0.605025099176752
8.268799598267234,-0.14371574293094297
0.012242599319444158,-0.344651857236578
0.513106143440617,-0.2961445475084332
5.426952884700846,1.0160586181105313
5.551593498470748,1.1656879728016756
6.397906524576891,1.3646216861253557
8.487462319072097,0.17568385505230122
1.2550161352586664,0.31254658219436726
7.047125066043515,1.0480702668765964
3.458899058210859,0.28622319364664545
3.445741004049536,0.33770620673763496
2.8965311387760506,0.02113984906669436
2.9383676210653773,0.5978674032150703
3.1301393638206565,0.3275868263044701
8.196867246616556,0.15686315419703709
6.8998187458422535,0.9105658613969982
8.609168805172152,-0.1736172602083222
4.033154441309631,0.10515721785319393
3.7626614714176587,0.18214109006809212
9.904750056482415,0.09661590961461235
0.49356535886296293,0.4032697642883705
7.178328328081203,0.5947486469128359
5.380434534784921,0.6961504392112391
1.445108462154222,0.12910811392233149
8.13090798342438,0.09191148538516053
4.699165305313868,0.31292794432982296
4.918080777458178,0.9973324150849505
5.967373157044037,0.9865380399385534
2.514554481724929,-0.014077604276628797
3.152631462210814,0.14929725395799734
3.850031730907024,0.16408306011761337
7.505665260624747,0.44587204169113653
8.999955915625797,0.11254919044333853
4.208744004092143,0.6905154639418607
5.67507566441002,1.1008580807934738
3.2422895102306737,0.2227296130509599
3.0866069501208946,0.5223702713148212
4.801444557987753,0.40443422288798225
4.703595658689528,0.41100328649591467
8.50970131729473,-0.16853216668988516
3.1232136348842077,0.5815202478938537
2.381497196279021,0.3171760282371081
8.784636576233702,0.23318204524643468
5.72174573681273,1.210561540300159
3.3618280277590085,0.17586352298717103
4.450208000857198,0.216950530713251
5.966200031394706,0.753519886913153
2.4922288228225478,0.022535889500436168
9.881212303322796,0.07361930690676997
0.8649944129944354,0.3802099312700982
9.007140690694968,-0.11815132401902266
8.902639579541548,0.1534032007000354
5.059486025570404,1.1393914049218559
3.246154575012412,0.25322814820069944
9.445566303343595,0.10229761987889645
5.342631838085933,1.0454800145137277
5.897746947792863,1.072271911965577
7.036421988287886,0.6626978549385483
4.43722198020354,0.63423694733058
3.031421545084317,0.1290152075085183
6.756211538772515,0.7584001435261372
2.329673196658586,0.6826253182960971
6.6953060624182505,1.0481410141028635
9.245167916403235,0.22560322296017157
9.10880952684954,-0.014089928902831119
7.087217316968832,0.6093558450343574
1.089191648668698,0.2259884698719673
3.790079296700691,0.48359274101138483
3.896809553128268,-0.15992965793019362
2.3998462689688624,0.7123730618472586
4.876210925665964,0.918729278206422
2.7340513606861627,0.32859527224180185
9.257180956767598,0.2926971545525966
7.251114132918093,0.7311928757768823
5.328340469099626,1.1821168464339098
4.646170894243219,0.6616970811537507
7.656098484127643,0.6472533349338809
6.113116554853352,1.3731397023024263
9.952337390014685,0.14614029879345722
6.445827724081213,0.8866402198847191
8.42307482346397,0.1165629929214944
9.691397258064644,-0.2194120473427029
3.769303162852231,0.3073329047130505
8.833688893337238,0.14131318296031015
6.61083603449704,1.2646152836032676
1.823753407060642,0.4233731706905282
0.08956226952954172,0.20003286219866967
9.297050474620878,0.19459459893534306
4.589840224599704,0.1116046079677473
6.190491603742099,1.1160095882089953
3.1462640018863497,0.03797209275947691
1.5625827066223463,0.19262888335428116
1.906612425100328,0.7527886740424529
5.094040540131498,0.593070052966332
3.913329221035352,0.15895356830057855
2.464290581937166,0.4964390961487799
4.928737778340273,0.996828558642821
6.74902265168467,0.6884565614216887
7.359992382421492,0.06476012721236152
4.856163193221348,0.7903906783122319
5.498582847871587,0.8051460484136244
5.519241486043702,1.2250626296261757
0.06284819783255124,-0.3199425619501272
3.3311817729729754,-0.19650383858505344
6.272704380049728,1.0493171264304608
3.410692140479447,0.15640038680712534
3.836800847642874,-0.021658164426358345
6.544974518259997,1.2528577979259112
0.21343094454505662,0.03721074379134743
1.0958922622747735,0.5331524249361232
5.414651676621741,1.0748537870506398
9.746813280424325,-0.20064729667582853
7.797883338813566,0.22162153265512125
7.2069407144373345,0.7274987790195917
5.325483746170173,0.6544456248314402
4.961744983558738,0.6522945438269131
5.319112767400127,0.5077907813130228
8.08968188844081,0.24008940232821901
5.046631245080919,0.5502512760953694
7.761678721570182,0.3102266013084432
6.413668899158827,1.0232448181134726
6.770731575505361,0.9090071884570236
8.439833637620499,-0.027464511442517714
7.186078585800603,0.4049411843676167
0.569510480351817,-0.3697366708561929
5.988164485757865,1.0508419945265857
9.872198523905313,-0.11875908152113947
0.5323862006719393,0.2876856160673824
9.972440092992867,0.2451337189607605
4.313828653173162,0.33963892653529676
1.8569551034956489,0.26634871486500517
5.603865821915076,1.210216216386316
2.107935348889467,0.17162959753465193
0.755851061692111,0.10074211475881609
9.334847533645265,-0.04700212907849702
6.457291886781457,1.231614393079878
4.234982363207688,0.22215221094984938
8.808557442971491,0.22977037467509126
6.704032870915163,0.8307484216568789
0.4596614251214304,-0.14842102643256802
7.487933855195451,0.42575743653254416
7.894918910873691,0.3833500770769771
3.1298183305739413,0.21616506141503053
8.55223193821227,-0.021329130921287118
8.67159601946411,0.12386567472889687
7.416582104462096,0.3275488725264584
2.303334464087099,0.38166377017280184
8.735221239429308,0.08380066689268252
8.949685387994762,0.17764623116738376
7.799995168299513,0.023606776854784267
7.404762917207531,0.5630978777198056
3.4279848985194086,0.20521208031747504
5.402231701922579,0.8849785744276345
3.8941275340558654,0.10187019671709138
7.59457930929841,0.25028919367137104
5.4970425108628485,1.2673111576616594
3.8036237165104234,0.19597765161828654
4.238593155947784,0.2995076158681751
5.445053606756457,0.8708119327290851
9.991174854340963,-0.12220525499108688
1.0254368158974159,0.23099893793660253
9.567063017500079,-0.20638193420390089
9.888361862491449,-0.13115179978233718
3.9728598708282528,0.5132793695890047
5.562294583701938,1.5608659764318078
7.334288691675145,0.2327336364026492
5.9360854555011935,1.309473924586511
3.1691763196950404,0.4293689442844424
4.333150686538111,0.5412679939289184
6.902833573667024,0.5017162774567397
4.634883371569753,0.21888275196734142
2.824722225008699,0.5341363978919625
5.917223227317395,1.2341412649898313
3.35469967905629,-0.12737014244482314
8.053521517881306,0.4352317733049514
8.349145927710325,0.16647430015544232
0.23407967113278638,0.2252411137364696
4.100280706939659,0.21983029079250582
2.1302426430740953,0.4929503965996037
2.9798712892586665,0.433582725543433
2.015549765282124,0.656168912735555
0.05650889227056033,0.027915563691445218
0.19421559863419868,0.1417522691794516
6.615702348740445,1.1491531561429136
0.5875146930190989,0.06600263823679188
7.817092485932358,0.12325165845903624
3.7145030488767783,0.04306784614408443
6.436475979049754,1.4660348416664526
1.7640296458102267,0.5789993350915217
3.7921672015480468,0.17236417889831876
4.086565621344114,0.3179917691140863
5.248972332160763,0.9953372381254442
2.6747901997615298,0.029427791954772853
4.107113317851677,0.21125378608032042
8.98943433105998,0.07697255898465803
3.1755788249181194,0.14262403728479361
6.933791676688701,0.6295202468934874
4.128830556425779,0.16384968464891436
3.106704467788121,0.15606727568931233
5.494188176350053,1.0343980546933922
7.841242748050009,0.23800187945264176
8.92917500474301,0.0009743888329856107
2.0350483517891007,0.05883665623309925
2.311797718272083,0.6720118089544508
8.239647403550292,0.16925342573271995
9.726040781663414,-0.0741748542634302
2.2556961320989464,0.6964620726148182
7.692928234851099,0.7116013700377669
2.408192077537614,0.14614288716253904
5.699896020811309,1.3576221607982082
8.610780516200354,-0.007106498179180021
5.286061815580222,1.1045771380198772
5.894491235648597,1.1704898678720328
7.232900080387088,0.8715011356973582
9.964544265962413,-0.09873929287203173
1.0689614447192985,0.19719887300181785
2.41100369975606,0.24797448400534072
2.710743704467684,0.34455570673157726
3.314529319920286,0.30646302714951645
3.9378198135654263,0.29732585248891524
7.0178307203848345,0.3294651603328529
8.260336638878771,0.28396821356101054
4.235858750096574,0.22622364370302228
4.497526831035474,0.6972927093261978
7.702657097983215,0.3980791319498108
3.4189277085464784,0.2805030622830281
3.8862057323019172,0.08226824208224884
5.447969910077783,1.0136963565367174
9.85881536319731,-0.046144210982701564
5.290752980457549,0.9474202591152372
2.4548753107293617,0.8371200634810758
2.7808594751188345,0.3926473300382201
2.419065826057223,0.3163472278966579
8.053969290191022,-0.07863360802586336
3.2387218575527577,-0.0245847772576753
1.056777689700158,0.30607412205452317
9.820459287707871,-0.2938950763622068
8.572473390891698,-0.1701639516150215
6.866904303206944,0.9213274986749338
7.388889671528249,0.6485313791436882
8.510327887349645,0.16093800705871258
5.33203931765639,1.0071835839888608
8.42700206550396,0.2560036396526868
3.0599410075856257,0.28089437663569294
6.080145824968067,1.154533016553793
4.880801886895261,0.977302090523114
6.13994302041763,0.9843835118924307
9.757094212757579,-0.07890965884076648
3.0801683799120836,0.027161354140759764
9.97067994454986,-0.08724927429856365
8.297846913312322,-0.30179448729648944
8.311111042613714,0.07328419781778606
5.8492315022047165,1.0334617629778278
7.445247438113489,0.2096178085313958
3.083976769748057,-0.03703806024266623
2.5341592867904916,0.2362446689775624
2.7129036372368063,0.21958002996010512
1.0955675908454554,0.35694532201354595
2.057828164343679,0.48028619878590967
3.7903559982578408,0.47521366164034684
3.5837179272506403,0.04626247553550156
9.767416846386373,0.26076243876849897
0.8201092121532216,0.188667507092361
4.981707586760856,0.6252155825060153
7.66232029756602,0.024762383845939484
8.479761167487798,0.14111058280283417
4.932666202590554,0.894179259873638
9.91069913127795,-0.012996738908694827
9.02287888596279,-0.62109560795067
0.4598273515311757,0.14339965764283363
5.269785141603508,0.9244222422098911
4.059652484504368,0.20469031482350875
8.604250222165485,-0.22835922123977176
7.134045374755988,0.5597585876879912
3.8588121399917363,0.06470140627486595
9.719190082728039,0.42660120039591515
6.677585479336261,0.9759601917377757
5.001041277913081,0.6684880602075318
7.621157085751534,0.2563263480106272
7.208480390950519,0.3929154125181
1.0801929327913307,0.5201223140088327
4.9851505644443,0.4654258695453063
9.316528675545829,0.12577273384177778
8.194736135674171,0.12285166101746715
5.444934416919779,0.8436649487822477
4.970335400880339,0.7875018735206316
5.727453456496807,1.3838229017247854
7.679763177868285,0.1859131895998628
4.74288288549646,0.34718497412080623
5.1289064924368555,0.9764393581768471
3.3384385587504104,-0.02827498539450743
2.4984982937685887,0.7043875713401022
3.265633207128371,0.32183454000742223
7.783609000995165,0.27739018803784066
4.32862169291467,0.04327522729561978
6.658611960045483,1.047631011952176
9.03384713710335,0.21906357706490506
2.968587695205879,0.2611493538747021
9.57139036761958,-0.05790984991058064
1.7314481116318492,0.448466911625243
5.626001016517055,1.0434707095406806
0.7108508502022226,0.03503333813246873
1.5371291665743936,0.7380380363468715
5.0156524234616695,0.9909779410786415
2.70572420191903,0.13945296325548825
7.366685166378307,1.0540222523200304
0.1384060925754227,0.21590268077051383
3.9301801664500244,0.19337717026011497
4.244184429061572,0.20453324724366073
6.8152611451306395,0.6391148820155137
9.617041625986506,-0.12490691344744896
3.9658219490760827,0.32260530200061355
9.42558110244614,-0.012704852487958773
0.5575359721793027,0.20544052231280496
7.043555937315698,0.7433408693538709
8.002578563163674,-0.12200141819198324
9.420278034910051,-0.08363974303352993
8.583376815953134,0.24492297622807818
1.8730754340192957,0.388597775879342
0.9282383718488552,-0.32933970215923986
1.200969033606416,0.43429637422747525
4.864123378702497,0.8406894541253331
9.827122854566356,-0.3288719677275386
7.5236819280867575,0.17650145609253104
3.1401653498419058,0.33004203877361576
0.5166693561447044,0.07221541013305252
3.3878091485621384,0.16001906138829736
2.4352317833697033,0.4556715917929336
9.702713295339036,-0.05033769050591144
8.151495967006376,0.0706721737608469
1.4240997381037035,0.504398816819478
4.760663537265132,0.6873888431836863
4.389277069691911,0.3352431644206856
7.597009013698425,0.42573876228914553
7.6870467322955935,0.38116379975893655
2.3675857582712023,0.20586970270228844
6.283830562490415,1.4061534444776598
2.2920893612861515,0.09728947538581323
0.9814414043067521,0.2056071718259888
3.277150809597329,0.1422168840847426
1.8425556807204801,0.20017752598940255
1.6762224751889698,0.39939174001645383
0.16927829293017727,-0.21042655679508238
5.248865252609751,1.0885030733410093
5.347382517397898,0.8723739216431334
7.071858910547032,0.8747857011684417
4.576071471776989,0.5123948677554276
6.921859397691198,0.5869071741591446
4.441969055199056,0.08212155609829946
0.8508109808253961,0.5719099270319881
2.1572025730691635,0.45183820353987225
0.03375067350994909,0.2672710296862391
0.9797235102618629,0.30425661156641337
0.24068038092351585,-0.07698972808286386
0.5539555246197447,0.35908746088067545
3.0522891047820733,0.20305482551345957
0.35385885340341594,0.027014364758514542
5.868886741646195,1.0904106722599787
6.981051078159855,0.8751191655893678
5.3408381488020416,1.0581512137367088
7.751842449290548,0.4280796137475714
8.160847471431804,0.14890889252229866
3.107308289209719,0.40723594108224226
3.3484440098661103,0.15065108822969037
7.226696948716321,0.6100183460664971
3.7493775963238085,-0.12377724809532026
3.006525727369762,-0.08683117047679684
5.388653762491328,0.7483583111325538
7.855811158771909,0.39098210846001347
8.736895507631576,-0.03559097158509
7.873266904939232,0.1829244441652293
7.636627602341417,0.5603775385644022
9.586977310864187,0.03048135657169151
3.629656069811429,0.012700001889860646
8.407811660634824,0.05890665196854403
9.293458723909795,-0.22835529614699357
9.939842723002158,0.24963598795897987
7.033975038695467,0.8706389006320359
1.4395515011737237,0.7134841351823973
8.747756428668062,-0.14041545200418895
3.048203955795188,0.17948447340551943
2.0873953755070374,0.8843162467744565
4.0403147268868125,0.018842822993924202
8.623066451321002,0.10638194197292869
4.576322579999105,0.4225551968519593
9.40680481086942,-0.24448897383109489
6.955743179605143,0.6419536351125149
7.688156806132414,0.07215325789385876
0.19382079823595633,0.11200098718117948
5.173984772222181,0.6572460594364528
9.797355191846592,0.3744528216309863
3.9242254462596824,0.08874156985793198
3.873398915412327,0.016748667483775403
0.7809452862671873,0.15910119527099326
6.1642507805137505,1.1931696713093782
5.206465051523839,1.0875649239626437
1.064941054777393,0.47755603228725074
9.35693175981612,0.2097049936035492
0.7156097171157894,0.5402477115619003
1.1868293041138334,-0.06736853080114019
0.6734141458822862,0.3282476558848203
6.257929793192614,1.2802052273219533
4.319894680160191,0.7813555938627703
9.025468239630964,-0.022742647710481664
7.131988717134318,0.5364411020221436
3.521185273524503,0.18354783853658144
1.1813312922839347,0.27516720200872763
6.2239982202705555,1.6862475595046615
3.5328771401180594,0.43113205562985335
2.3320947362035636,0.5573050280048228
0.27103686788777726,0.14595476500747265
2.402312418505277,0.4493323103350734
8.92038581066403,-0.021804189458880345
7.320531500905697,0.4936503492025181
4.731891182589592,0.20920127346151313
2.1596870527748524,0.4416194176657401
6.812313537394104,0.9772538731281688
2.393394490832841,0.17327294181781178
0.6505497427958928,0.37377356394106287
3.0389364572408217,0.2477565816475593
3.6967077238371004,0.19948300791706672
7.274454968078715,0.5996676631134665
5.953741558768668,1.2256630025994835
5.7978394694988955,0.9132018990079904
9.614750206382366,-0.3341081414237169
4.082138211031529,0.1369230135837067
6.260581172452947,0.9803504133289744
8.600391246697153,-0.27567245847449606
2.4091420599515265,0.47083491847270603
2.5032440155267666,0.38022294233380793
3.7060128563571118,0.25549824996610293
7.626803007498072,0.37014679777256276
5.098256931364034,0.796586617848683
2.2472020601327536,0.46979765474080964
8.979351193180907,-0.04691662057859268
8.19324189655493,0.40039452803885095
6.232860919781944,1.2615842712695706
1.405518929102234,0.18632122041023627
5.850053986563594,1.2166785053692526
0.8409203296546897,0.04680109894880144
6.808022826078263,0.5788018485896081
1.6905928851210517,0.16330669551272323
2.831946369505174,0.22913279205403592
2.154414173936383,0.3815874469465026
1.8879096511264792,0.5837314163725329
1.7170271342842613,0.2960665079921447
3.741083943510745,0.2942671043298579
0.4988147046581226,0.15648221772787585
3.095436320891417,0.1924524495795334
6.979064611169774,0.745875167308201
2.0845480542955555,0.5031096766303528
5.217069382319242,1.1298551312096565
8.804006974053797,-0.16830455715775314
5.533823962024035,1.140981197623564
1.4048847241602958,0.29977252253530445
6.018376547333599,1.3201262217874574
2.2155322802044974,0.35595838977744804
8.990837314339826,0.22527028177399155
4.2659445287191815,0.4047666144407625
5.0545214273515064,0.5495583899004974
6.347542016344153,0.9838420926324086
8.900713325644444,-0.313457802818549
7.832633061863323,0.10626823608820184
2.5539680028407394,0.6495236281506886
7.834098072366697,0.6347639094832902
9.691269154497363,-0.1542410942704207
8.332895608638518,-0.022174410319971916
7.895737233481205,0.341824111375736
1.8235929746239954,0.41975447276407324
3.0850808239713223,-0.12779266691347554
6.267236110984716,1.2437578831485514
7.353152008205842,0.42620107853547085
9.04087041076586,0.27733454848980754
1.1831232349184095,0.5262806516172104
9.686813330188759,-0.16921745771387173
2.8457457770628714,0.3795439815235119
6.396984215548198,0.8568576149361881
8.895500665260135,0.16731760719293387
0.7762782966688564,0.003104360368067355
1.2182268146591946,0.28739603369026345
5.934225106555369,0.9753946343986426
1.877484639899507,0.42053375552378214
5.137864328892865,0.7976653799827579
9.361799457700265,-0.08492823029563974
8.859712585607141,0.08115433386216897
0.5712942027549783,-0.10379756058920384
6.795199200956117,0.6798134960460595
5.086432608924191,0.9649867432388808
2.990168825214956,0.2000941049222565
1.6117465982097068,0.09623296502639639
4.8533553558503195,0.5930682409627364
0.9105020453157064,0.16917605703991737
7.643882612691293,0.15478999436133017
8.791297825144603,0.2120162126693898
7.407450357383936,0.42415781573652744
6.815583019527178,0.8791277884808114
9.99281868964041,-0.13236090566385972
4.720757298459247,0.49139803117391445
8.52666019474858,0.3880832958788467
3.228942657856173,-0.013847365697352176
0.9082223336127571,-0.1864010394657705
1.764995215357501,0.3314598697032749
1.2222798760202802,-0.047943326762693084
3.8025599350729355,0.4656731828546699
1.5486845707928631,0.4872505154209875
8.463310806294125,0.05592543636485631
5.238636889068749,1.029529920589443
3.1648818779360424,0.07122474570770781
6.346369937508913,0.8066322296703121
3.7231953961468687,0.14745979803495907
3.1800312044863754,-0.04732309708709337
1.2169733760535906,0.41566893108937797
4.166336290044037,0.24779712383681676
2.68908928753651,0.4474523503682075
7.541277839612262,0.32745953319992677
1.4899690789481201,0.4138421627641864
5.712861409256487,1.203911238729397
2.1928675245996665,0.38837354940199
6.234354425083839,1.0740782962599345
3.3551834477994538,0.1539988983342862
6.815308146510474,0.5689792713308879
8.424257622203823,0.22427222628756804
4.500314229969918,0.3716168198150759
7.203782305370124,0.6215933845850901
4.04003857508044,0.35828365862830636
5.432555371717708,0.6946082317937567
1.4384861478040178,0.3823407293752209
6.437509752604744,0.986564408566585
5.225581711172382,0.743772408108659
4.141608546423127,0.5353700750761288
8.276989615038309,0.07913695259392799
6.4780909971955225,0.8929491067087925
6.536155673313514,0.832394021432537
7.637403575526056,0.3882428270862873
8.161486129018922,-0.018330087194769848
6.430801817119725,1.1159724229469314
1.5013972216074345,0.5550516775862286
5.045218044993147,0.7338677543159536
8.469839449376783,0.012691151435063469
7.644549428057422,0.5146873408648853
8.144078028450219,-0.19365605936734687
3.613851174096615,0.0042742824417350556
3.2867539648647606,0.24928350241242536
8.59753274174933,-0.32620608990769223
6.245405824618162,1.2866796004576146
3.021442808738871,-0.03763680689440824
3.3668390249654645,0.3846468399331644
2.7574706314839483,0.4385170368621861
3.474753896961756,0.18220693564987878
8.3713069234553,0.0037256497498612817
6.306409155035215,1.2266462491152248
5.605104001127197,1.1771064258098436
3.2568380792431704,0.3132823507878643
4.82668578217004,0.8359002790188235
0.43682478579362694,0.48014373900871676
1.727845201169389,0.27056694639640255
9.336847109860363,-0.2045069838053665
0.9293072511708167,-0.1810288138131913
8.084423408376336,0.2532338285040519
4.623216876822554,0.9526601261080707
6.2487481356609305,1.100510546024322
8.663808403501994,0.07155779490577592
7.523183394025676,0.6119902615909389
3.9355041277097556,-0.1002835491449281
0.9335899158116612,0.427188141988442
0.3115968316999307,0.178117856529405
3.3592697634227098,0.3278584368698028
3.471216814892623,0.08526843980264244
5.528343973624528,1.174748381732363
6.632225490451205,0.8305804800365956
0.3209009580548172,-0.13127378017304922
4.839460521644994,0.837974994233012
1.1735218148782012,0.37318222896415376
2.8951764509225244,-0.07750373945762223
5.741161336835448,1.001005483522496
0.611666050718116,-0.09652127944791491
7.164904755140295,0.5417059925686293
9.642119818067043,-0.032864296312884414
6.767517252635499,0.7994187597364427
1.5527382918907984,0.6699567677444971
9.802576267883504,0.023646945020755844
9.296475461483269,-0.1021489545518284
1.6684454875699495,0.4688342248791708
5.084945915334229,0.7081033356530866
5.213788504408177,1.144737398763795
2.6378727344603603,0.5563502171416604
5.707158857087721,1.010725779593383
4.820179583749443,0.7122663254053361
7.623697492737135,0.40908529937462446
6.475848424710884,1.068993550314861
4.500498768986395,0.3442615786964068
4.142285931509759,0.11153633066508822
0.8266622546456548,0.47089665795035685
9.754811515428287,0.2773754611022036
7.855508169909497,0.19619252971445844
1.6979713355592985,0.23581044869750947
0.7655088791739417,0.37705131302918765
6.673433579968466,1.126451152477413
5.678602303698108,1.2214118944008197
3.264533542666311,0.4461198774717721
2.784675328405738,0.2975245331847966
2.141763535283835,0.6673023274038449
1.9050413058631932,0.21745302602569147
7.840319074929884,0.3656399117022883
4.570575945410927,0.4333140853223687
9.909205129901965,-0.1750755880394358
4.091679360517113,0.4742493441222518
8.723944068141234,0.5046577994444446
6.1647191244689985,0.9801319837083514
4.10035818156237,0.15826837111102288
3.087819542616488,0.5851650242599097
3.9604603487189225,0.10887508544241464
6.58448746135231,0.6862797218784402
4.717197959878497,0.3894405376092867
2.0438343396794623,0.5387574229613508
3.2905575895585693,0.3865674176901692
8.543401149990439,0.28716758149909677
9.495715853633046,0.028005390591477393
1.9409360978878254,0.2087292229363226
7.23071566925673,0.669169711773033
3.504721836354283,0.48064353153566275
1.8777482901968423,0.7568434661359669
4.264291438928204,0.32227376979064193
8.373473048765,0.04517352295214774
4.89336822036615,0.5254274889752968
5.174891163786324,0.915162480957743
2.4645510059136235,0.09124877219748889
7.894430318765258,0.0006560308070055754
6.254485277490479,1.209067605314595
1.6553098234654873,0.3038454141640393
2.8335100622161615,0.19246840045625632
4.968957796866612,0.5514425366653765
8.049060739833646,0.6574297330627499
9.622899119987437,-0.12328280621527572
3.448654331361535,0.03180187542720683
5.78019379433099,1.538966921522197
3.011291699483202,0.27299653442052685
7.794863250527917,0.25914678612739417
1.8840880335467636,0.25100977569044336
1.3585971571132283,0.32371253994496485
1.87834632832509,0.22923015064831326
4.375255811240497,0.29297680784483954
1.4481862031393222,0.4124788434112699
5.538385161243281,0.9999458473403892
8.57114578054863,-0.20496251750408206
1.7017695247127873,0.14380472928637644
1.4833178776771272,0.14332281404227404
6.823603117266083,0.7620230840550425
7.990996084504237,0.20862460362056928
1.9641256075552593,0.19986852367344965
8.853115615736689,0.1431427270617439
2.479368550390345,0.32784608292290657
8.391679507994464,0.03275644718832998
8.976401738256147,-0.16946472158774964
8.090859830389174,0.000795313548910187
0.8669929179641,-0.3072330629295882
8.425582487587466,-0.090092640123881
3.180801100394628,0.5190935815060012
0.2096177991856163,-0.15547688464637963
1.3096011937162977,0.08912453257687963
9.286134913118893,-0.028796621301472553
5.176345139070468,0.8248087623765058
5.119190450004036,0.8401329767216827
7.224430515163794,0.457131735804326
0.9700339608201269,0.3969636067956278
2.9184601222326867,0.3435033356051108
6.782848446493138,0.9159790664007653
4.157349118334551,0.287133233328623
1.8359613963353705,0.9140280560697776
7.605843759955418,0.3461338644663313
7.290248496535296,0.657491825364022
9.559472210209044,-0.1110453934591802
8.544990324332352,0.27735629443875487
1.4251448186683735,0.04156863231823005
7.845559322622964,0.3145478350209858
3.834438860769068,0.46946650971031656
9.011804179770929,0.2572194537669572
4.071874513686246,-0.23852227746239593
7.300132124966783,0.4944689753900958
4.776723180192369,0.6454975339390977
1.3919042759365874,0.3254475824608047
9.095913070700405,0.1429775990707143
3.1206562232802773,0.30874521046659875
2.58136111468711,0.23240564891696197
7.923480254090668,0.3720974413435123
4.878599429632571,0.5414925845719589
7.324208917513211,0.6097451291098435
9.834709128397474,-0.23212750933229856
8.13174082921681,0.3211537959520254
3.0505845318180604,0.2917926722406856
0.958591704865549,0.17802846428088212
3.672332375075633,0.3951907975273341
0.8350196543819577,0.3745443292887267
6.7560579595322885,1.3743513295355845
5.118418850687147,0.7112207986194732
6.705512531656403,0.7405053722700545
4.103564084386864,0.20614483096116495
8.359516081454567,0.1568308076817746
9.53519611555187,0.10355426417321924
0.13482159030891228,-0.006096913306933474
4.741873581120136,0.6191031390897772
1.735506535255954,0.40894575864014177
2.1957432401067836,0.2443299633981044
5.784365551274199,1.181948257639958
3.970176458928515,-0.0813861995589141
2.27348221411395,0.16697983165669378
1.2933117769364888,0.5980226906699804
3.6816234232990244,0.3903187350967615
3.824210503372225,0.03130055245207347
4.459524126668379,0.3332281669392081
8.758050875299658,0.008739745120810521
6.036087290998599,1.0535573169647208
9.427070955605831,-0.14791681985585298
8.930926502782567,-0.16238384842430892
3.5600394053569695,0.05666914001859934
0.7225005606765988,0.22774574564990352
9.701166275603926,-0.11820113564799492
3.007659385828283,0.3196481767541015
5.141437984088873,0.76679184899284
9.064996899267488,-0.007038633634790134
1.2032554955168406,0.5920751300660809
1.0034422995276726,0.07437672394149497
5.253166499190961,0.9443793524102007
4.492395090823004,0.36365382110713834
0.8525962876040027,0.3559333092122553
6.129248279703954,1.390824112550415
0.8849923158166195,0.45465085021604246
8.307184266805917,0.3727523810973866
1.4372406106956248,-0.0564695735206589
5.883529615188886,1.1104086762023777
6.371247937785654,1.2391326363517727
0.4825974143984135,0.19328197869354988
9.2709288808579,-0.001904113066107692
5.545771112258622,1.2355436961772948
0.2504508741294298,0.17074698278843756
0.9879632014037831,0.4664605247797021
5.046186605164037,0.3766723064303433
1.6643488310749144,0.46543636331478244
3.083839817196974,0.2632363665387275
4.757951023496525,0.47962533325590384
5.911322978376865,1.3004579057494177
9.4190743681672,0.04050601532229171
2.787614498148374,0.4499144547934106
5.858863112952059,1.1388504008243119
9.097337943794342,0.16691411798696848
4.810702532854929,0.8421466349179256
5.586942142930253,0.8272268650250783
1.7365925711079444,0.3999793338924781
0.4134210828372642,-0.31756881979255724
6.689141724075501,1.0083296051109314
3.9184692899197504,-0.002153966898145454
8.903891677900152,0.19168447621367377
1.5723012532378244,0.36624983886584905
9.35580505271642,0.08200343614325452
4.190287885555471,0.25620721331132
8.12928970263764,0.396454083984665
6.492240849276909,1.6017664941533665
9.328233815350977,0.14543229922444334
6.2535655308294515,1.1935851076090715
5.119875697966769,1.1916595156160654
7.492070731008544,0.010485915109267718
3.254859618497259,0.27322166648143714
3.3417953697126492,0.12727525148347252
9.909329365716395,0.193313150979799
3.944128238705641,-0.11564125628890337
0.7240046488938934,0.09635708621004904
2.8392449566095204,0.45713810854002157
5.902485536345311,1.532323623056981
6.389316724224235,1.2979850537167585
0.1324278598706885,0.033253725520377586
2.1150374189552537,0.46530475676457156
6.608364559868219,1.3884055277307907
9.028651423970292,-0.00882274043525455
4.475182658754447,0.6755553553179328
5.0763770305240055,0.7566708492881915
8.697077125397612,0.4612540940504437
5.568940880089704,1.3176786301273087
6.513180023032735,0.9959623681784169
8.336962298875845,0.09827533680243317
4.532578155471281,0.42803763875147594
7.103775544439613,0.4839468255891404
3.9633857295125097,-0.06872263514812343
7.722772292691155,0.256659063141888
9.91899624550414,-0.14182284226939712
3.5220126598140524,0.44022134114840894
9.251171608147496,-0.2594630422298374
4.583601156712445,0.7208800301772058
5.7062412010418795,0.9356487187853604
9.34690371842688,0.1149030427920273
0.39080845414382726,0.08608277503284678
1.9566203418664696,0.2559619775864058
2.555866553498497,0.30592145004398635
9.027625636419977,-0.12687901947064884
2.4283589311388774,-0.07027129612255939
1.4689051008368625,0.2738854072407137
0.34421166485812393,-0.41818819368156435
6.902605797595532,0.7017906867867261
8.539705188103738,0.03517825929461396
6.916931427368579,1.0913150725232907
0.9674781765287455,0.14278901331645322
5.016091755759855,0.920177124602046
6.688259484697849,0.8505882491121474
2.28110103246021,0.6809339870763171
7.931942879616952,0.17565960901539426
9.394017422511673,-0.031659946412883014
8.86748499977497,0.2487126401145743
5.489016966248363,1.2883517398407305
8.907109874690644,-0.19644736518079164
0.8282764539475229,0.32851325631732
0.6647838350237367,0.5178418780152478
7.709433763593805,0.5978190105871428
5.157876093012167,0.9705578022778014
6.903533783725651,0.508564116114819
0.8767129329330692,0.08514282989769398
3.2484253597640533,0.4132449871259025
8.86338953503979,-0.22187940442974288
5.5610905746817805,1.0789493878117735
7.568839472771273,0.20009466480165425
6.009761071093425,1.128059388317103
1.4008586556215963,0.5010778427666416
4.5656882735367645,0.13089861259253932
2.6555339042612225,0.43656626941039406
1.0292692786367807,0.24458669782145143
8.190419873741945,0.09808039264907567
4.93065999623839,0.7770559316500036
0.7606695548500109,0.21669369203978264
7.323663959049878,0.30072238437717513
3.4823375211174246,0.32986274349568695
7.277652437229026,0.5689564834484622
4.484554535111461,0.28093042131190876
3.2923756309986283,0.19902043130192895
2.869762524938708,0.18170161147641398
5.95216530160285,1.0094316678046882
3.733888953426987,0.23350564247556854
4.244512772775563,0.10784294683876361
4.046038721047967,0.5313591925568022
3.3130323733964593,-0.1134752993923851
8.013480726843156,0.2164972713931584
1.6996239096401666,0.49094187409066486
5.201350873046476,1.0567365738044547
3.5609407374554127,-0.055325609402156695
7.004767369824575,0.47143082638665995
3.9330889440016836,0.4010488657173352
8.536462991080182,0.006252218022288744
0.4848504386940433,-0.0026956899867990325
8.638699947783714,-0.029260348804595118
9.391848105957148,0.047105664755156956
6.535367337887746,1.4063812616259923
4.555161799753844,0.8827025068573213
4.856188758461132,0.847268277362215
9.19655441285066,-0.16343724237899018
9.871111709050913,0.45013039933514765
6.036539328969095,0.9366646149072273
5.3074532965381,0.8784997893140278
7.574717117479509,0.2068165202908093
8.905566480400795,0.020166498844355
2.938729293847916,0.4546944848140177
7.962130369213261,0.2619516915940777
8.445960083751688,0.07302386264306009
4.748968849972712,0.10397791053137195
1.3789034158756808,0.3987092039407803
5.206857043323217,1.1718296502134242
8.599694879490434,0.03724158754484323
7.059305442637594,1.0855912382147432
3.881664851177548,0.40857021446983827
2.277533905090489,0.29921714663476195
2.7250176031156337,0.15149989558352242
8.94789566930463,0.07268934579889207
4.006661904131263,0.13972762536347716
5.565021948188703,1.414105355932349
4.849203604431183,0.5085929389419752
8.872686615350615,0.16902393725142223
9.90838785555354,0.2990884234320179
2.243809554275108,0.3209208513619897
1.7289425272418524,0.04455035128406226
9.351025412575906,-0.16671860787612372
9.275175680204443,-0.03338708843093625
3.689596078576971,-0.28377086107517
8.08582532444806,0.2236617435671843
8.636618871949052,-0.011491617211966745
6.2502609012737045,1.3428657062610547
2.4591340151338805,0.5302184618830181
3.3546002924470852,0.15311263092627128
0.0039009710025794675,0.0011599699482495313
3.724257238381986,0.24366117171484508
8.486258427275917,0.023164246822628055
3.272364020401622,0.46201732326571643
8.984051612929239,0.16262910663353952
0.3331673120482326,0.10522553683667055
2.152561372756079,0.4407694033307364
8.187932184226815,0.3523200623785416
4.6361665449220375,0.525480880252032
4.299199461468356,0.24156431439375398
3.9964163648322826,0.06724643079555218
6.391048831359712,0.9348967146907763
9.506486217296162,0.08098472476860408
0.4937526588897556,0.7149818598543698
4.893315264448214,0.35489694363141155
4.202195786096523,0.41030590915433296
3.3666201620064387,0.48050565315798666
9.569617980860315,0.022734326151226145
9.866900887182782,-0.0474407181475165
2.047951470968077,0.37931120449537586
9.851293767985718,-0.3304346058953136
1.8856595733180181,0.4972731970117993
1.5610468010676404,0.3024437336459498
1.7762278077844418,0.5328062012256689
5.329694492984521,0.928855916128703
6.471593465273637,1.0732515579801325
9.024212905325962,-0.05623643482132633
8.91178766340319,-0.025516781759492173
0.8298026415489101,0.27194210832964266
8.724664874676428,0.3033488604292048
0.043558833838389655,0.3221014811318531
9.749294112484272,-0.09225523850676012
8.729990082204582,0.15219859527591045
8.838510663106543,-0.041086039813279934
6.896239425201874,0.8378101275714145
5.794482744019113,1.0571204681200421
9.940558713639442,-0.03078920552636029
9.049505550173016,-0.09001819678519482
1.4263606048000188,0.3695100706707915
7.93319931717517,-0.009078167777577195
3.747291542817276,0.5030678637829857
3.509717027709145,0.054345810786661564
4.265500146208588,0.3865600499511274
3.440316152281694,0.1936333842915202
8.052263587951243,0.08829256369435391
0.6640517149964953,0.0066362982217314515
2.0952518045465474,0.365166177045419
6.132300220411233,1.07229166298028
2.8349994804518683,-0.1167966319906889
4.356408044833133,0.3584500096481158
9.365294979221938,0.33020624679102584
2.069915624960268,0.2754207107203181
8.07782141809266,0.01977214406274498
9.111754820875834,-0.27091803354978705
0.038132231045477916,-0.0871615108366996
7.1793298567202,0.621550596358595
3.9458422345000344,0.3795481653332967
8.164785275848379,0.19097543430583053
8.197249792246344,-0.33435051227752316
4.81560371632849,0.6833600114701952
2.0476858238709204,0.33626695582886795
2.9815830007063537,0.23541267913581643
5.2276511563596975,1.1508047656165163
9.963321434404246,0.1708143971817097
0.9644418419752276,0.028766924692032347
1.5989538595265362,0.43370887427957455
4.807711266165952,0.7363807250445902
2.1569837301035886,0.5479452802157245
7.608300072550329,0.6833109012632528
7.826290709094659,-0.2549589346029687
6.702630232381441,0.775696888070973
9.195972653910626,-0.12310954296744232
7.638619667507573,0.5879729470327045
3.1085964638905503,0.04412449301636806
7.569295849362222,0.5318185902993853
3.853403418377137,0.1753641490547863
4.923580049711813,0.3059670927209094
5.567847018901687,1.35542244675055
4.933577225292973,0.841377072450645
4.686536179673178,0.3086624108371214
6.842068570797427,0.6923993089558611
5.928367350373516,1.4168489256958723
0.07482481873625768,-0.13116221538695777
6.8384857069186475,0.6323089691785819
0.16119183339432075,-0.11006093876536802
4.822639176539072,0.5722325044833981
7.916075714446549,0.09231189107347017
4.55751378968293,0.8531608421604988
4.0974968304485495,0.024638753992922008
6.358912461338742,1.0073588643563607
5.417519293548045,1.1682786573103823
1.123166808965772,-0.03729160590939784
2.7848973112227062,-0.01530690376996885
1.2644824649481867,0.061912076434091995
2.2995596237760907,0.34457775627953346
2.709645101836873,0.03411439391827892
0.38599680385704604,-0.001626243794252094
6.986255096607563,0.5751848877138608
2.074533162953908,0.17457361432805168
6.362419566610939,1.0142576328682085
8.431232016614336,0.09015632903584317
6.581501430783909,0.7904387329399454
5.184399710489707,0.7411483356582034
0.7158846771710836,0.2323981332026032
4.212549211636956,0.37336816325150973
1.2591514582729302,0.12351145318531162
5.071084019313014,0.22833357751149952
0.891909477743188,0.13718596061084956
5.487082695636506,1.287116283162541
6.562622383252483,1.0889311452202204
9.071190170859229,-0.29727759015567834
8.733028589201593,0.20396593217143155
6.301627938423159,1.059681693365046
6.385260544739434,1.487262025327249
4.159146086531269,0.25581829451723265
9.321967071706611,0.4488062863554775
1.4365530774290303,0.2767104684610141
4.682152632908091,0.8417800183576604
6.686034401938307,1.0278253196334162
6.30466647849082,0.849405108987516
0.322606593998529,0.24393095578003077
2.32689993627731,0.3884176024486369
9.25262012331995,0.20491956190898555
4.956712494435326,0.0379210583027314
1.2465688615913861,0.20316471302038047
7.762050541970967,0.14168225623105782
4.83990713135718,0.6402289865580959
5.3167201587020205,1.013867040897615
2.659216280919866,0.3861444400604788
9.652639567293782,-0.12393066473757149
3.655401914893096,0.5516518466508153
2.1236994421297526,-0.025943646011223787
0.12260268336504176,-0.14563709145876363
3.0885785563141965,0.44013828315641085
6.8023038530982705,0.8521016860207324
0.8069926425777663,-0.025155895871926875
5.209832609806271,0.839919133317114
0.612973778793513,0.20212096081679326
1.2896122303355262,0.2981735607216253
5.920161673986715,1.2556413943185138
3.7500711137534246,0.5567912942585896
4.0377420232106385,-0.09356613457530111
1.8994533811766356,0.19042378366998033
4.150580482348585,0.07126877656507491
3.2962363411158813,0.39934282815574884
9.27045502602809,-0.4451281890472231
1.3175126779409507,0.10449993846202157
1.0420535164728106,0.1224996065833312
8.791688050212517,0.194026479564727
3.659962582434116,0.08443571067370778
6.762453701155064,1.0529522344968443
3.887611948853648,0.1510433446642716
0.11820046372718274,0.2810612300147559
4.105330923523319,0.10585193757515385
9.118260794517836,0.030445594708465265
9.703283320100786,0.13241494846270596
5.459947956427213,0.853899180237933
9.128205256537372,-0.32711217088621686
8.991790175567614,0.2178440183787196
5.434570246690921,1.0103147434882747
0.9663508093532458,0.37799509684187227
3.315055240547764,-0.370306460723374
8.480206622217926,-0.2968215949729234
5.211168670116301,0.7551694324234057
0.8031026597401847,-0.0718053545077241
6.102427857960899,1.1140544933915597
0.8437615315813307,0.39437083922156985
9.037932770121301,0.08285232714342343
0.5456454630980223,0.007175000366484552
8.349549833116823,-0.05379634325853844
6.407804298821219,1.1087066875844422
2.9127583050635977,0.3234544266667186
6.065312854431313,1.032064435525275
3.4173180832548633,-0.0683713936855812
7.6765570432737915,0.5032679092032861
2.038495406847437,0.33203253681013345
9.723246341684227,0.0979266247703698
2.973603706502251,0.5418766021535817
2.308156323818756,0.6148463172985522
1.0576161758137215,0.03684213841465059
8.699688941680593,-0.11255882941252066
7.147420196366659,0.5764036315545237
4.995936032863706,0.48633423980817037
0.987789121423579,0.5908753896116664
3.5901015646401877,0.47442563730976295
2.484731294970881,0.4426777566695087
6.583236292771609,0.8443489552970319
5.516705117988829,1.4754528000025338
0.9660921836022673,0.20648321989947716
3.5417338965145184,-0.012254452836509389
6.7001403430721655,0.7515686106595993
4.167658332122796,0.137868567725825
6.097801950170137,1.1192655161359033
6.548498679949745,1.114367641077216
2.011613804597946,0.38331372333005737
3.4951264955956174,0.16829878482834285
4.628871628377784,0.5468682160678822
3.8576394187267358,0.2791874219458077
7.174770732778519,0.6465592502460511
2.5848969262812984,0.41119691988756146
6.89818661718563,0.7506320435321691
3.6794716939627503,0.10736197262607264
7.137569828263893,0.39233774333786275
2.7847231997471464,0.3923136026928077
2.7751642388542477,0.12424370719824357
2.8488489166017916,0.13462527720563414
3.187721848589955,0.35179894227211717
4.305144148066836,0.372787463119717
0.2922524676329119,0.06858564166617079
1.1965489393856632,0.2479471108204721
9.319976140750555,-0.11322585363323796
8.735822812324258,-0.20876960884747398
2.1931192424292067,0.2709683415685846
0.07581133941636065,0.12938382180177455
6.187712551951957,0.9639979617035653
5.362829491975485,0.8804454924573096
6.938852537626026,0.8700689572823845
7.002247471628021,0.5298556115618827
9.68356279515505,-0.3069778865063573
1.152093927898299,0.36220573229022823
8.104432672160225,0.20374536781259334
3.8989337730645577,0.18147392271099488
1.730428353266401,0.5195224395626146
8.610234232341227,-0.06622032109801812
5.135434289447703,0.7515001064933546
2.1512004263349995,0.41312212060870523
5.7275780993795795,0.9870949386304787
2.499628439024618,0.4011938605055613
0.5132800875203325,0.2558404656835909
0.15847332238674072,-0.07122303390233557
0.7071082575390297,-0.146523389858536
0.4426647596082256,0.2347410442349464
8.640146393789305,0.34580706786283366
1.702353715527395,0.30593894356818285
7.008509777657867,0.39171071593141005
7.5900971893826235,0.47048822596207407
8.98639160050119,-0.23861784728617821
0.5586888608114482,-0.038343092194504935
2.0156530302369835,0.408464660098271
0.7078543707884644,0.20506096254943312
9.899347598605729,0.06645514110185462
2.8983630322969245,0.3414901274364431
2.9703929108386995,0.2832073578306223
7.600178202240143,0.38728677343963386
7.664505872825718,0.061313037657441644
6.565462099280569,1.2524160752724067
8.97119660743628,0.23671910622245793
5.144462242525179,0.8250198548295672
7.645395058834509,0.5770640067129347
2.955017004477826,0.04928610044128984
9.31513013458055,-0.17069559862378583
4.4820398542870254,0.4872728326525056
7.511677592164961,0.4295714316405188
4.972958918291781,0.8073218220510905
9.58397591839645,-0.37701658889533995
9.644605985453477,0.23141570537587655
8.35719200608979,0.17088087244873912
3.7096240851903417,0.32973848575092124
1.1825376175132274,-0.01304829850831113
1.4595729785631695,0.3978155224862691
2.5006016006014873,0.7982001033134509
9.488287682680692,-0.05812550018820822
7.030588375495084,0.6609506250865905
4.918356417474814,0.7029286421894968
9.111868800134737,0.1534826961304673
4.588803052875955,0.6330863982796926
5.697087229778932,0.6966692444024833
6.982790389417105,0.5988291827841329
4.047099509796217,0.1558849766470884
5.760966769539464,1.2161947686323604
0.713466230881169,0.016752854739916972
5.61501725813072,1.0502471875223531
1.8727281808919982,0.4289459683620155
0.3907979445567744,0.21279465689447136
1.882788694540749,0.21092967268794244
3.8860578613674077,0.19510226569594283
5.317013702928056,1.11524174197068
8.04161774177218,0.63492619795477
9.864972807899973,0.09979515497652354
6.012013382659913,0.9397397005174619
5.829610308290744,1.386451080999581
8.881778412573858,-0.10677265587674256
6.974126222413421,0.33559108734800236
9.486244204749756,-0.08471593360110302
4.160024716407059,0.377848537932522
8.088002953425299,-0.08988937548572032
0.15943358210454228,-0.20781993362272203
2.273616686318972,0.31647456127483886
7.540993558566859,0.25570127444226876
9.5961577930384,0.2248551114419726
0.02625283557806446,0.09990605315272497
8.876559261066,-0.25473853464499974
1.1077187069665595,0.15224781974057444
2.7841481563563732,0.31692454153060257
1.748058509724355,-0.028243930382394644
0.9443382797757705,0.1919316375708115
4.31749590215713,0.2993424477427281
8.918929201057825,0.42812721874573073
5.149152869768664,0.7607003216407344
1.1600057876218717,0.17871527597725684
3.027464243294969,0.41879385719539686
3.1654725574167286,0.140822510055596
3.000117268440704,0.5113139162621612
5.770919150644595,1.012746566538269
8.196764643420085,0.047536488457555315
7.205122309821988,0.6182568395287971
8.584598044250747,-0.09664426560878028
9.360107570392847,-0.04684381759688251
9.23987646931103,-0.12545178528039228
4.164831204196635,0.07724815173002181
6.095813720520178,1.0646776247134748
9.63092939280569,0.04287106707902808
3.954148794747532,0.09803658563562204
6.576817532680595,0.952429683447731
7.199135126412985,0.38581346549328216
3.0100119296601457,0.05541831781923032
1.8298246600399315,0.33806885200593817
8.414409968924879,0.050026284486054104
6.216307734255516,1.2344981847631993
9.28721192733063,-0.3781938330652937
6.923336519272172,0.9122651085048379
6.074018992021022,1.3358587777659485
7.944913145994321,0.3557058913675476
0.2589615322390393,-0.0893636247013965
1.3576939612323158,0.5484931810958481
0.5582555192693095,0.07764458373281571
7.395244882499793,0.36296261302127003
5.32362076197218,1.090824757183595
7.715443515673689,-0.012596788708553852
5.32661957211076,1.1416183017911377
2.3145350790119967,0.57149344470382
7.360702114309645,0.8874064158912376
9.799632260509007,-0.06076548711624698
1.173095670206994,0.14783711416322584
0.07135641952315752,0.05394401317557473
7.318776715070903,0.5402677386407057
8.722933742679379,-0.12871230674882797
8.711036990258272,-0.015035397403687187
6.5765716611727925,1.2845577682820062
7.832285987836184,-0.020109201283488393
0.3179588380711873,0.08720083619978324
3.756392337973579,0.17305306134963294
5.263524743051047,1.112917825321171
4.178616611862389,0.4380045753292574
1.3569529801050983,0.7932025812936419
6.52644293361575,0.7396906335389903
7.249394077671962,0.43434388310933914
4.44774561798749,0.531934668710339
0.9891247656394075,0.6935223187670544
1.446417783183822,0.19271310254597154
7.149638378739396,0.6116917372104846
6.584130244595223,0.9049793466619025
5.799313573247931,0.7328991189210949
6.117888666670809,1.2064902670851645
1.7136761820757274,0.25934911228068414
6.960163701650543,0.4690651736874459
8.163608600106638,0.41027012023233206
4.202855302326106,0.4026413133179447
2.222990646942966,0.5811567271873253
8.002629863339399,-0.06119616449201698
8.206073035050483,-0.024123507278535294
4.549003104880647,0.6317539642728933
7.348070973781809,0.6717787547783225
7.179118454135928,0.5741730873806179
1.752775353663889,-0.06349600808778005
2.0652159926187097,0.33407758625062983
0.2672724911295732,-0.08352300105731816
4.5925733453077715,0.5967318861399845
1.6601779973374198,0.6574291114807169
7.187776822851113,0.4205155159096684
6.908888064103898,0.8891234707727821
9.675873947553956,-0.09327787146255823
8.31793677107867,0.006807876277522371
7.381779829178203,0.5056555843844497
1.6186894376239669,0.22390569956945142
0.2246988138938133,-0.40982043313829813
3.055278867169293,0.2530979077936038
9.013539744690044,-0.011884630283180042
7.143234532590443,0.8087273559735491
0.24077328154765265,-0.10993605968705107
7.969374749519282,0.3064163426872582
0.8111729435370763,0.15585785393005552
7.419820363773707,0.24907658663502913
5.385504332890656,1.0900917989436887
9.749151544988685,-0.25006496025717967
0.6482101424332531,0.09431581632619775
1.2923166941816988,-0.013252902111880072
3.359403799462417,0.077995571445324
4.210011618496676,0.30424505950207986
3.3720752575495183,0.24520401227702815
1.2860748507261521,0.01954447285861799
7.80932350984558,0.15607621537512217
1.5248688623426865,0.2103838123254584
4.803407367591851,0.5951974513448818
2.0700661576480828,0.7297894063654422
2.30152130603823,0.4338266588246438
0.9073847441293093,0.28618899294816247
7.616865559950781,0.15051838853117072
8.16828639720732,0.22189660275322315
3.114809415853829,0.1927280745464797
9.311280296603739,-0.0650928530603212
2.1372279768504354,0.4364179916875308
3.5131024045869665,0.43521115646310393
1.3476389735686833,0.318174774386422
5.101760950701475,0.989048294824473
0.8587803614634137,0.017246362150949518
6.5741982447505265,0.7393986579733252
0.7812851389914333,0.25833451093730553
4.994992327276265,0.7768059924829996
4.654616287708301,0.4723743211638806
0.6641273926498625,0.33151331437518405
9.669176780573828,-0.008948205425484764
4.507247645084571,0.3076731296183427
0.09640163213167852,-0.017862148743740383
8.213713693482598,0.3073596326571602
0.18363801731211327,0.0518398197564276
8.105836088438474,0.08556661788054304
9.516328177602203,0.18990991027040932
6.162983034982286,1.2833232544802557
0.9995565609291324,0.531449096696337
1.888117548230459,0.5510960573343755
1.9525379163148848,0.5815110882323588
2.240993348532132,0.5451903743762758
6.2549967909678275,0.9011847627418031
9.166835490888722,0.24299071330200944
1.8149336268652838,0.6891916134310978
7.021005027080742,0.6304675888297693
1.9595373597269272,1.0434941076030748
5.729507902846846,1.1782686588197
4.303146784541855,0.24013030369449267
5.731529470083099,1.2355991739454224
0.47989565666377243,0.12742810395834916
1.9056160709595538,0.16839578193179403
8.797465206843658,0.04007831345480573
3.116056646467734,0.2119263942323908
1.5659122955150495,0.5007044855656054
7.961359591577674,0.21204368314976615
2.7910783468777476,0.7643687911578858
6.3553313338268165,1.041313755838523
9.445665213604412,0.025983439506092124
5.277935034585268,1.009881646181228
0.5769164139653071,0.050160480830609894
5.124693405074736,0.8315583445204296
1.2378171801537408,0.5333643333539901
7.129723397919205,0.6806956976584668
5.331726677307836,0.7379799898783257
4.8600692018188365,0.3948641571501811
3.8312630031217862,0.18766781379075798
1.006952740015219,0.012820380925968294
5.108944956717577,0.9590854484398492
7.809284822341129,0.3722266422380139
2.7580051358803903,0.1280833884536682
7.182807266533472,0.3661177774059544
0.5134193713973911,-0.21612382801510707
9.477527202325808,0.2258002868246941
4.638733603621544,0.21497322864933416
3.2991165826337108,0.6628216882630675
1.308744437177073,0.6226838314578025
0.9729122630081233,0.03976367027858896
0.15454226108561064,-0.4217558830127868
6.9633009407397575,0.8963971550591356
8.150091295533416,0.3545237211105984
2.4139176949423624,0.5482320117053391
9.260553185885364,0.0790479256550598
5.02788002973025,0.9035912442001358
4.167579685066362,-0.09048047071231957
7.330092181143772,0.5075542258148565
5.4879409466559315,1.509692603108748
9.842722422775871,-0.03910598745478879
1.7178409529293048,0.26361386418650085
4.043018022419184,0.08425704254605385
5.920090745088137,1.0229174381700759
3.4876698107842197,0.19269757988766237
4.628706082452867,0.37384061665968293
4.77782685455545,0.7192732806207276
0.8510388986947293,0.11428441775642612
2.4252864729821386,0.24347607616375122
5.623543395986026,0.9084411905566534
3.2911690458887746,0.34842015095679
1.726328072102049,0.6552441505603581
0.8246707518874374,0.3547751059659708
4.508281848078526,0.051507970134003156
6.42264904782273,1.4356545017746836
8.638732418687074,0.21489255422231937
8.258609264352732,0.15344494334538256
1.0081992499843073,-0.02454502346831791
7.549979274066525,0.0760845129807472
9.29012149563198,-0.22253069719115878
9.262367554943452,0.051860216515850696
4.326927255603224,0.3182458536096183
3.513218827154383,0.04075075407855186
4.685224842641502,0.3204282756916661
6.7322942605427984,0.42166571464562824
6.992582331118782,0.6115195690818884
1.4587398216352232,0.18571389294523752
1.3764293373657421,0.2824103186281633
4.444322892731114,0.946520527928089
9.525018097956671,0.05335821432757701
3.339712537080045,-0.18202808820538088
4.634641007971591,0.19720699432579408
5.3760016262326165,1.116773655713408
3.0601722539007814,0.25514074601484105
9.535376688328503,0.23311896089864806
7.918793683596864,0.4081450057266739
1.8105811888385481,0.43431075003074393
1.086454113897939,0.41853934861623554
0.2587628012299059,-0.008873730403547789
6.842033836787894,0.8463883235072543
5.1649102447348465,0.9882792619462856
1.026339453116919,0.3800327550912338
6.682593857420153,1.1804265027388117
2.5960937384870544,0.05736733227604168
6.7770510400076125,0.48808947146346415
7.609097343347519,0.4213391918524586
6.9687281478426915,0.7015120894851479
8.325753099527116,0.28965774561403945
1.8253647815296603,0.47825300671184257
5.460057595493839,0.9867232266067343
3.722186834528851,-0.01360798735279209
3.2085353159044603,0.11440145666384355
2.83919183757242,0.4220179345011543
2.814581036940832,0.5281267583166589
5.342984251529787,0.980957806596073
0.22857931241328955,-0.17897771530345408
2.505559235993693,0.409251065389988
5.629583385362213,1.2222057655600693
6.136134518487387,0.760986013335204
5.111725655877917,0.8471735472303761
3.853472844611354,0.07283321147254554
1.3080021321956914,0.44558461779620606
3.7567582751408493,0.14151864517811055
5.084349737784432,0.8558159658706431
5.8534903918073224,1.248652290212576
5.70418372056877,1.096674231754144
6.676734901025129,0.6595250926682306
8.727385038353926,0.20439445029551234
0.16951672266071638,0.04115656231957191
7.778284742620006,0.25037539035671796
3.9309354106405934,-0.005385776692829192
0.39989380420405674,-0.027970692559694463
7.085202522599976,0.9234007074829778
3.3431453037629466,-0.03981430560347657
7.243609536645646,0.5662762884848961
5.625319814125344,1.0361925796605647
9.452319141651797,-0.2942507644668586
4.889641930402393,1.0994537438736505
7.547801653061349,0.5402917679397203
3.351112554456186,0.1823693703194708
8.155534027832532,-0.02723062736114809
8.873833717852266,0.15897776973297056
4.166776220797555,0.2876139095606869
1.6173785180484912,0.38944086743965023
3.4021224780739145,-0.09542375204224093
3.1061124337921475,0.21313471982707916
2.433015308209704,0.127379878151631
1.309318152909491,0.4185409217486155
3.3710354422017463,0.20096695605544554
5.460168531654611,1.3202227589073419
8.325031278225678,0.44942795354716586
5.12581785905482,0.756700303041059
5.214110829021715,1.2245036412586634
0.033699743095702006,0.07084316959400319
4.255672684057235,0.5325324768369266
1.2833272309874777,0.18796682623729555
2.7073541606963447,0.47942059875436516
9.199907470680165,-0.11942953250358264
7.088933415349199,0.41835540393699655
4.682892095128497,0.43403213242187555
1.3576345335187479,0.6398354658377958
1.911282645600162,0.4566120207230122
6.718080139733101,0.9254503748300676
9.891024232628094,0.3666935240244174
6.915191681323163,0.9390270359091548
2.281073171726642,0.07278164209456955
4.481819446679803,0.5756328386446042
9.566422914424065,0.02393259134471776
2.9302628436295453,0.3526738409543081
1.22500585293152,0.3816779272894118
8.37757033012732,0.09818441975148137
7.438124884707661,0.2871871031552724
2.8923500554027304,0.22252102302096632
8.764733192350725,-0.11029758242213406
9.396192094419272,-0.08359302182867014
9.244655901029624,-0.12396667717427477
6.950656055342417,0.7256614436112149
9.119528598439375,0.3515471303096835
1.6180213455413883,0.5330931526950671
5.677123134280732,1.0350337539746393
3.380581579966541,-0.12436521104371959
4.4461999736011535,0.4717500206089264
9.274384553783726,-0.20002622584850255
7.964784308865837,0.3098357934793907
4.093707117692571,0.5639256607683998
8.140691048813448,0.2121382135983273
4.088202929956989,0.3128116621360963
2.890545404415991,0.38264607762431097
0.008962456004908415,0.024195753559719445
1.6707826621886845,0.2538363975284186
6.354410577700122,1.179285746539855
5.001224385145645,0.6818627134584088
6.415312083168337,0.8781088703313094
8.586231559176134,-0.029768773372476506
8.808628553707171,0.1604486549672035
5.031527169493324,0.6167957891513525
7.44062912483789,0.6865559694938184
3.60381936838716,0.017659992549823367
0.12235606645307318,0.17608665733500653
8.621655413571201,-0.27097703087939223
3.1322047955892307,0.04260370613906353
5.076005339115458,0.5399429767184576
5.295553425296146,1.0772765549179562
8.571056288577351,0.12479827969299523
0.2927031891140064,0.09282868464869445
8.623067821898884,-0.2052439782939486
5.655435894701149,0.8693270549482852
8.334914673405443,0.17646973190630083
4.5213282309859535,0.35287562301865316
0.2517347555739946,0.14632750766503305
8.335373095922222,0.10213290525326192
8.05278192129702,0.20936452973445369
7.987819819646865,-0.058112939550953674
4.109309433182839,0.10952476028696637
4.673882167681237,0.5660517506924291
9.174662034246175,-0.4096565129671307
4.2136535105533,-0.08736539156092599
8.224035191759816,0.1608986162723427
7.302684121259588,0.5656377330875342
2.396857574669291,0.6715474683452971
1.3070851678546913,0.20075918191492748
6.755083195786545,0.7110125547492339
1.4036781818246036,0.2500454184238317
0.24484285496886082,0.08772744464247942
2.3236313455499924,0.1349436628090289
9.509725939681704,-0.17395377699770356
9.658729534086387,-0.2852664969855508
3.3385607178427277,0.2797639368374365
8.1895860573018,0.5004270893546696
5.309445582410174,1.2607124425494651
6.669453842139444,0.9801888614380174
6.442943064421652,1.004281012360816
7.704297294643338,0.3863050849822882
2.4926248140783414,0.41078258541077245
2.967919858832657,0.2795569403564232
3.7510367152478885,-0.11719895444623649
6.58994118024154,1.159111956414602
2.925827687290534,0.5514977671470681
6.101278727279301,1.205791081844299
8.618952052537123,0.12233046606115097
5.538275874372001,1.0968244385992638
5.837424503256291,1.0686462316569139
8.170134897835888,0.10588364133867
1.2392533813602702,0.18290813611735798
9.124958013487237,-0.15765625066061753
3.317863794676957,0.6329400462794883
7.763635066313769,0.2585154573784518
7.777213395186905,0.021806152435377868
2.77842295599065,0.439493235719869
3.063379610129936,-0.007112030267673597
3.1714551600351615,0.03068215451093187
0.41723029171624293,0.09313305291046314
8.769528441267497,0.4830908212422516
8.635827141412403,-0.07084113180923127
9.397398270045315,-0.19290095298676196
9.883626430157523,0.05966696210316713
3.3158866965980085,0.0623477112479989
4.387010052913842,0.3187601602373454
3.359408579567739,0.16075419237322838
7.814322396626744,0.6190969383709645
7.0511877182906915,0.7106114947078258
1.7400706474338634,0.3306359925429425
7.8602491208308765,0.13339923955735827
8.790396598258857,0.015593157375790591
2.302087160748979,0.42278184298751725
5.546969894876511,1.1055529939595146
1.0380547676452523,0.01828745206851673
6.030579305102335,0.9286692416478911
3.6290705816455313,-0.059899492575054336
1.193276888110002,0.3685935132963345
9.0687796041937,0.2612895359141634
8.327395965931307,0.07592906216694084
5.902225767247914,1.2005019837683704
8.10240280190733,0.07314055999802235
8.688716977129452,0.12827986077286105
2.5664207929227167,-0.023756066478527627
1.3102098774643578,0.3834920848689512
0.1601204761719388,0.23031972181981925
5.325476598851338,0.9118810889446797
2.713880611892434,0.1943119101366647
5.857020391727165,1.136382470486195
6.242469742887343,1.1215945366784525
3.992941164899629,-0.07161132265109649
4.414806130041637,0.4498390597751958
0.18078876927625775,-0.12051192475978036
3.147437682959481,0.010135453997674931
9.509814604782385,-0.37713739679608105
1.1078207303072019,0.43542904321416054
3.7041368986589163,0.004546268912334284
6.610258563961193,1.106690634697769
3.500091817371626,0.23256841270659312
6.207912582977137,1.1019055870579908
4.228409873454499,0.36062518023553664
4.224525144389992,0.2593203210202274
4.283717384826379,0.46609358771111675
0.46651983122434015,-0.07242243674707699
3.8131387970279884,0.0883523101330143
9.876788381151073,-0.0627544030017137
7.971123208802856,0.1577701086809312
3.9513063591465536,0.22995218878222284
2.418517973894261,0.5486726937948068
4.966206129274671,0.9189016425682507
3.973909897043754,0.13559370419926844
9.344493556596133,-0.0034944019254835182
6.380335460742045,0.8609085075835021
4.973283295347417,0.5071886240104739
3.6830423924953317,0.29378170277325916
4.869314870478517,0.9991074615417019
3.4680670564284934,0.058168397934207194
0.1447815034453459,0.18093571572167585
2.4805504713298476,0.2890122726637117
4.739774628550123,0.40563542960781757
9.305096732426126,-0.13788838081942897
5.039535842848634,0.6504537633865347
5.514682591866045,0.7531329314456581
1.3072677207413774,0.599670735973398
9.441051881700751,-0.16816675161829278
1.1216117525681923,0.44700759094333353
9.750429783179923,0.15902914753981182
6.608803265735304,1.0452041423807368
3.8848971104411802,0.4803975859020949
9.956959185890378,0.04935854346435491
4.400898867924687,0.1695030989978335
5.79061220484411,1.2133007877287876
7.306983101816671,0.5548979290934137
0.15881168685610403,-0.018392520284481143
8.693982486581342,-0.1224967951608833
3.789332469404816,0.2077025751152681
7.7969556105007545,0.4026483453943629
9.281935076525324,-0.02384125355975559
6.155578906224248,1.4635979286569818
7.765307595034092,0.4208591490526423
5.899747916475385,0.9880894586259984
7.467767706346996,0.527051130050975
4.087544497374422,0.5359948644741226
8.232193994089387,-0.08359251116099857
7.070674639511145,0.7820042665985505
5.417318758838572,1.1894445448352422
7.0272634278941055,0.6062327397892977
2.1640049831362584,0.26095886204014807
9.731821983935259,0.22686715098814686
2.709559955633607,0.4529347281168341
8.656228741962247,-0.12039172285229893
8.244555923473245,0.18305286516209063
3.7899454338359084,0.06997166727715949
6.361656896598146,1.1011343328959757
3.492133093167954,0.11209868095781313
0.2991698726360603,0.21878944317839044
1.8277478141549874,0.4675172720322818
5.542024523412131,0.7876882451880218
6.6163431694745665,1.2820639486531569
2.7671498025758945,0.05732457551131989
7.214872962270839,0.45805172432416774
3.143983006261526,0.03539383313814981
2.3103171967031786,0.3550154082642075
9.901342555052421,0.07330235742468148
5.962707304458982,1.0835439666532336
3.9721997580057544,0.41702820711509037
6.550815550602173,1.2175921920586334
9.555005750795353,0.02577995381927456
3.631842981593473,0.023708923867348713
4.058741967120422,0.4293295622930595
0.7546551176101535,0.1904845842397497
1.5223037959063035,0.796393312986406
1.131572278361055,0.040549104898423144
5.086435951282794,0.9431790437740926
1.0280752061305898,0.20244053211067908
2.6379659340483554,0.526913016638817
5.985754286695738,1.0918244748448886
0.7006196125499287,0.1826196400376715
3.4737254264578854,-0.1558042626043762
5.859289953556461,1.1216633448040316
6.179263458759995,1.1302759755720901
3.9538789067391367,0.38981309934776853
9.417176373228145,0.03909486430434176
6.114086675861284,1.3811031209715023
0.6262155486964915,-0.3199814873520763
1.7666637023982634,0.435299317090442
6.0607560162504805,0.8960987806119025
0.24589350645756625,0.11445263498117633
5.490916130751932,1.25098798738206
6.850031709581804,0.9473837715149247
9.091046637624974,0.2105037557476569
0.2468148486619537,0.6703642595888022
3.662732971978796,0.6208437782981576
5.501060965820669,0.9514406138738567
9.255814354226676,0.0348075709875089
6.725942784196058,1.0455161316831947
4.126997636218586,0.35800410800800603
6.069047643144934,1.4282930800979263
8.82213139993833,0.3223341346640553
0.14495324008898858,-0.4442294197515623
9.929892839823191,-0.11083452116066803
5.210392343803191,1.1292933920168573
4.663294201558835,0.6158955054261543
2.473191101596317,0.4713661723127222
1.6730497928931487,0.31153027252342114
1.539530267229563,0.19768435196713605
5.514660894182341,0.913751947925072
0.0971595748789933,-0.29368680758516463
9.011780804924966,0.10208115631263182
2.1984583545940053,0.32076089573346894
3.4417661292454085,0.0981330555420312
2.1742999591133207,0.34354813037307985
0.14799084196120305,0.10224914615464559
5.962541138503913,1.4504718455944223
6.757985040293013,0.9985401250711973
0.911248659466436,0.030443137200416664
5.023842628184184,0.840807568865062
8.115863739388654,0.24799207316553837
5.473568909844416,0.9839346799281987
5.80537774336446,1.2249776392776133
6.619820454446491,1.0161934598013243
3.281790885512046,0.21247389256508495
0.920921404460916,0.6008714966357864
8.561356389885155,0.04737693025089445
3.2528135533601867,0.4957541890832782
8.462645607234222,0.2126556323082429
0.26830342787353745,-0.13965003443122453
2.7901074908540666,0.31766706782131404
8.28209455591496,0.2576245740681093
2.7411979760691807,0.35096841955852986
5.931112051361083,1.0120028373954173
1.1767157410663365,0.04755660091133673
6.191421670633234,1.2811543339657074
0.7728244305556464,0.25412817809348076
0.511045819843341,0.09207602683600521
0.23870056004226536,0.05526761013352835
8.748217655886714,0.2045825638248876
7.038710682261922,0.9014724302972121
0.618953566277719,0.06675387158215841
3.693094285050277,0.4297408696872399
0.4468908455591669,0.42075381745644236
9.890125848226202,-0.05353408272199076
1.7252654531197487,0.5668711577458845
6.188672304131311,1.488266979673201
2.874010223184822,0.35373289019454635
5.006317418442107,0.6163685488394924
0.4162786714101707,0.43776986896318365
4.888972535575449,0.3892127543745562
8.305134973833677,0.002688641074405959
2.503556721311125,0.2516276883393506
3.4516717091924063,-0.08205502898443437
1.0029557741878947,0.2883990429379413
4.021915440301614,0.10606066879897628
7.592175669808142,0.5823874441554042
2.839861342040988,0.4345137367181813
0.21151461817783046,-0.31809917009289124
9.243167474819915,0.12153188316391991
6.205663754950765,1.220808316840966
9.623372156909832,-0.14727945891486707
8.700628170567231,0.02603699834342958
8.043696969957088,0.31933265471840466
6.353714029489627,1.2346626254051447
0.08648082599461593,-0.1688792432319952
2.36511422202022,0.3340064662924855
0.7067347528249146,0.49390334398249824
2.4723544972623825,0.2648360567643845
4.710647675945774,0.6055244080964364
3.1779025664034366,0.2645618217653054
1.6912394364040406,0.43985163353978374
9.072736573167004,-0.007443427260286718
3.6179979861456015,-0.08237524694064363
7.562772502960939,0.3107999598569357
2.6792203087831057,0.6411536463451932
6.959550217472254,0.47376879289705326
2.5875231049257175,0.004098986401062543
1.4774445120205748,0.5578400605710776
5.296019045512845,0.5710931783473133
9.457518388822576,0.20262386805424212
4.3662051010378455,0.6732675892406514
8.392127571589628,0.18072524643908844
5.771680621802757,0.7836029118019876
9.763921946786267,0.14647194268328462
1.7976196012475332,0.6183759365881689
8.04502303939585,0.11348631361516949
9.718251197713867,0.2146814135549954
8.578770211862018,-0.004971006299565074
5.539605837696932,1.1235808033735708
8.091968384986625,0.24598220209850294
0.7411882170403583,0.31471119368770734
8.627125637348374,-0.37870082650326437
9.672244852753389,0.12313267441408457
6.59339005716623,1.3682538662221824
6.163791046563121,1.1192566260819596
8.24949157069536,-0.22371419411040122
1.670900233276278,0.6587632644830184
1.6082039518653057,0.5474636340929546
3.141021199608903,0.06746689865199296
1.3273830416885946,0.7876541948032421
9.53847640657856,0.02850386081993344
9.423779617336802,0.02553269773028532
3.337314348748539,0.40682683008371023
6.162577944143607,1.0964880756865099
6.5554904389189685,0.6927622818958297
0.33898941414526096,0.08660646883665629
2.713623007340723,0.3797814849784661
8.680350207011214,-0.06393099244093332
7.731274935824821,0.06403686516185286
1.991076286788439,0.7745564045684121
8.219489775156461,-0.021054611387349
4.0239751439784035,0.22435287480725621
7.890735023302958,0.29025739537659706
8.513221609197174,-0.05237941971076283
2.2982408347228533,0.5253241366538763
1.5270279828499145,0.31332768808642414
2.138897135472344,0.6843810155421739
8.219006751295515,-0.2743150836189006
7.152048279887966,0.784588457836485
8.331043995803324,0.1714836679469446
5.213939192058658,0.8027626183156986
8.390157346180434,-0.10558086530964199
6.304490957101145,1.295852552946135
3.471750405559341,-0.1889709817086704
1.3265402963172845,0.06468101066236692
5.941376392990002,1.4852155199746113
0.7977752061381183,0.025344461122116246
6.081083879588517,1.1878418802253075
1.3462447365168173,0.12785068360270063
3.022241682295539,0.36513986656625397
9.325300917092873,-0.009706143512406586
4.100576401007226,0.2547184371750592
1.610976851639755,0.3830483129169646
5.352080661693116,0.6495509220539885
5.670075699005668,1.2535053817518838
2.1048700971232237,0.09076292997687568
8.82152939535508,-0.16842002966659816
9.568611589923643,0.13736477804245578
9.422245947866683,0.09164693682607288
5.863174256007858,1.3209686897116995
1.6219637139146126,0.8881797634531183
9.25411616976284,-0.2639266405204842
9.17565398560223,0.5078949560272724
4.293820650412612,0.18781097002031627
2.4033055913238623,0.4799377966440975
4.942633062311474,0.5802661690953738
5.982648938727549,1.3449183208360587
7.719306204293548,0.6871942925117167
3.0747052265305808,0.310862546269304
9.438892179725816,-0.21771631457085017
3.863593534608248,0.3990566216409582
9.687128058689744,-0.06265931388778814
6.840729274504439,0.6188264251797759
0.21883826457594235,0.12533066096793893
3.4265877574611956,0.2033031726311503
9.756846382368796,-0.031409718059027064
5.02495034106381,0.45506864699905375
3.464587884048923,0.559510282889826
3.4647185708946147,-0.02293540116569978
5.525539645060785,1.0617669633652407
8.924747248597694,-0.18077527325110526
7.001411361216039,0.9185092494812002
2.181673567512851,0.540511397426675
8.850131795445243,0.16721124225653142
3.0402007734947056,0.4361260028990378
6.039382098129632,1.4329810534942324
5.455734795657153,0.9310232297596657
4.775675545822917,0.8424033723912272
2.935095533814734,0.3372789817941095
9.32510472027949,0.2520103368756111
7.440088166096381,0.4985016935443176
5.085337875417269,0.7417795964881351
5.294216026073242,1.0581122255660933
7.338124667902763,0.42517480293977944
1.702720752626895,0.56701498272321
3.375195850566204,0.037873894735122676
7.4688610529064565,0.294745942967016
9.608661724732858,-0.14782633436993745
6.371809231844422,1.0909491894065713
0.4291724724082546,0.20148344516989214
4.555158290645554,0.1914214821309475
0.36526578809305543,0.01366251543324852
6.185908376222626,0.8297245010357213
4.710922085156433,0.5109338763606952
0.6041319334225959,0.04607650256176049
5.617787178184415,0.7108820756649321
9.292697580756066,0.03682437185066773
3.4200023982296477,0.10700544962282516
7.994547252565596,-0.07760431083306171
2.483168277628681,0.32303107856047913
7.852868992256479,-0.21802644419580197
4.170957137443939,0.30619122116177033
3.898681152806749,0.4206726143604756
2.210301560652433,0.16676049336287896
5.317240800264501,1.163991316565502
8.902354786053293,-0.16979676801089255
6.987017887403304,0.5081452907655384
3.1814910002297294,0.5436465071661375
4.861294326759712,0.5774532690381524
6.309554074497662,0.9224144494305992
9.887591948909545,0.22136993300878915
1.1184019547685353,0.23989725537647827
3.7519556694585567,0.5457376607124308
7.373393691647624,0.16350714981600434
1.2021985798506918,0.5290781117682751
7.198246473075899,0.46925000531804306
8.358675843419647,0.4576996548005605
5.611325269740157,1.3565002813787874
2.3174350925269427,0.5280818555360631
6.871491173247723,0.7990874676015727
5.495368077318995,0.8781193372441621
1.6242976154755295,0.2629113897874003
0.8351493733710202,0.41928446651883033
3.005202909118693,0.26702282282447143
1.4872502723964454,0.4301748599247974
5.480468781018595,1.2220903608534393
8.719275881873127,-0.10768711486903995
3.098283882082834,0.06653645517564483
5.949422505845442,1.354483539847365
9.514831932105736,0.061029495238794126
8.319148879703707,-0.06316039782360446
4.1393962960563,0.512622996675157
9.742893745052072,0.16498082737156533
5.9504936012423855,1.0358237788855895
2.5723155872304657,0.33327750924399685
0.9288966418672839,0.3085187823039707
6.748220966614792,0.8919183987300452
3.832535360166668,-0.10913234951855824
0.10119400352361807,0.2311833406917992
8.188324498763947,-0.2049255368256904
7.611357269437508,0.19602312513618605
6.748550638027261,0.6643113777737406
4.737495082497622,0.6783792679865247
4.020960561752519,0.09238858647475509
6.647108220855308,0.879522164004059
5.0751141992589,0.8090954046762285
7.0707511526657685,0.6128048934881855
4.29817736381518,0.2532893865008665
5.102745823871045,1.0016304733912909
5.477908777287625,1.2993006690150275
9.795635225697282,-0.02364045044536822
3.671394989379746,0.03633961891776025
9.275741018775207,0.2935159350997749
0.03200914218967177,0.1686715408785748
7.220166494622516,0.49876624488318316
4.851484396221352,0.9517151772199779
8.412239137155742,0.20829224579002395
8.398230870499873,0.08636096097213222
8.933396118019392,-0.17569753535606075
6.941381972015678,0.888114097351871
1.8614632088047722,0.5124359057206719
2.625199847519739,0.5075562230631789
5.615966301860187,1.388013176929027
0.22311278606040097,0.581162399064139
7.475990544087876,0.4062349208054586
8.54676027730395,0.24536196143777972
2.026323787920271,0.42132137394754393
7.571336134863086,0.6184854940015987
2.553589939291715,0.30809628092212493
0.1454915003909507,0.14195988299618711
5.977772770506209,0.9488896700051694
2.4243382937521494,0.31106610133689555
4.211440537905089,0.103322846874434
2.8514179557762986,0.2896072862930358
0.3118304881140177,0.3327596964528179
1.7146300347031285,-0.09745473125774945
0.7478024949558282,0.29278018088093705
5.92626288114462,1.3890845959628961
9.074512715696786,0.13259702341272375
6.827864845153879,0.8917185126674323
8.46154712219773,0.19125953746810168
6.062174275226609,0.7204077256561245
6.521687291099277,1.1753381684612436
0.6410047733539326,0.27303121425044574
7.018292890825538,0.7429738419237201
0.8953859001930553,0.4941911658653575
3.8073364379556507,0.551374729754877
8.721603920691074,0.4160596451058773
5.943161912985153,1.508392969241949
2.221665553814619,0.28608872203718577
5.231158225224135,1.0646871962197713
0.8047103662645727,0.0031902671712998043
8.167068593092555,0.11584155102419104
