5.460209468655896,1.2789193227989273
6.15086748394888,2.67116457756546
7.656659248098515,0.9059453634970613
8.042004652830451,0.7189980104887606
9.591085844762999,3.0882064441419583
0.4420661470139253,-2.001655552347772
0.9343865972546554,-1.1585920605201627
8.834323559323563,2.1968593835718564
8.17436525975724,0.9748737240521517
7.3779227923591435,2.7166438104756034
5.16227448982161,0.7788555411949505
3.2238405177609453,-0.8341058264670418
6.595801451058099,2.2494588795696298
1.1877533934326854,-0.20485638433684714
6.292913476033371,-0.4316011774504711
2.157517751729896,-0.30364090973272284
9.447176345893691,-0.20428530383174337
6.366421575260396,1.1784068648044856
1.2785976739544047,-0.29809033492687337
9.844682833423148,2.9166578470489832
-0.40835688374915946,-2.6384784285929666
6.766253429731898,-0.1718783419588712
3.8981197435746724,1.8446342339514878
6.3933270690008435,1.6624725924906794
-0.4539565286123741,-1.5168445776002615
3.2614361936335863,0.2217247521472241
4.108215974213808,-0.8723151783255518
4.578643472901936,0.7494691916844087
-0.7037529963659634,-1.5786814944649303
1.3322397644145578,-1.0702967155819278
7.781324229499733,2.255361001218135
5.139911297144383,1.0691258285114702
1.2570066886309892,-0.8841710910323186
3.467840901958972,0.5982893491945435
3.132608897711603,0.4142779460729294
3.4771439764090033,-0.1412297239304186
6.584603116507504,-1.174246308816295
4.982676399429562,1.5558651722060417
4.167305822295268,0.2203796318203896
6.074268458185632,-0.11025323400057307
7.19280511010329,1.069259030410787
3.7649392934459156,1.4359692034037699
5.793672041018046,-0.6761864132640001
8.638088555242119,2.619434202221502
9.60716935298569,1.9058655117275058
3.6831556188625667,1.2545996365617824
9.238627792656505,2.6432945555375214
7.87907285360318,2.242946856571316
4.420498205919584,-1.006302469714699
3.5794725220839876,1.333046698302804
2.0471871676053652,0.646671486654736
3.751636788736919,1.2506047515596785
6.8864646465295225,2.003834106349463
4.982758807897568,0.9956996663581933
8.023041767203157,2.688828793464727
-0.07254646052842295,-0.9858045814568042
6.83524261143241,1.110505662695644
-0.7584258862259124,-1.585870407563434
6.8965131011125775,1.2812970580118666
5.37152929092508,1.6068163147742023
-0.934032855083959,-0.438953616379414
7.131261550510496,-0.6658653559244925
7.037144797744364,2.456028163997442
3.3654119343285283,1.4866466624717587
-0.20219952254486473,-0.6716717921451921
-0.35901560274597055,1.0812597240219732
6.60695300735628,2.25708149000149
7.636600816001518,3.43791314680042
0.06681345147374307,-2.1781043596868113
5.103718392286567,1.965472888574107
0.6898666843430279,-0.5372971706900407
3.0371850901009765,-0.6548273316555973
3.587224297075859,0.37399470810635044
3.9983755206465403,1.1752038265874998
7.3346160983641155,2.659506741346645
4.991224382334102,0.6500135789353414
7.082717752390254,1.6565538976390979
8.340311620261417,1.0862200709271765
1.6772805360287055,0.650046906955334
8.518825280081222,2.4542761208903894
9.833659533222516,3.136809645009409
0.4183649772632334,-1.868596173723972
9.4412120555682,2.217192657232358
5.792232379992361,0.6225314531783779
0.34626488073812256,-0.5671605684846736
-0.2277314380034844,0.05709712296650016
5.868965014401894,1.6701688913554962
3.92134197893337,0.6304560043394716
6.780146004846583,-1.0942973042335489
6.281945985566823,3.2675154093422405
4.974360503351232,-0.43361813044273423
-0.5371747675424066,-1.7361977527795545
2.594922559818075,2.482363527331054
0.615806787186397,-2.16620961445489
8.046588976644717,0.8821287289552756
7.06492171537799,0.843268916725839
-0.6006930467230488,-2.007995709494298
9.545254022832392,1.3333322744890088
3.979760488797365,0.3278291388644179
9.916846498931179,2.6599855063269127
7.048705214367873,1.030967057626889
5.184945557478441,0.28269279028074634
0.47043252114944556,-1.0286241784473953
5.265071203411197,1.391324735828595
4.743978465866154,0.9774300687747974
2.9483674436094836,1.6227980864599498
4.0580320791543825,0.9558351587372398
8.32211860261257,0.346890562173815
-0.9664498172359607,-2.8747201328842187
1.8381335514622101,-2.1996587527091473
-0.35972186351644797,-1.2842110913875189
8.962241800932413,1.214029802756858
5.7339073286986615,-0.16782028884162803
-0.6174778809607633,-0.07503839129163148
7.659356753636217,-0.17404951978971317
4.505218398468292,0.09783671766415447
9.14761874110119,1.3900868701571176
1.0865031727611951,-1.0505630474170768
5.701202125379098,-0.36490874493776904
5.169169900240083,0.7558450625390549
1.9256110887983873,-1.7273273005993235
3.594183551275103,-1.0806061872923447
5.433480927265318,1.0711815557529247
2.291273251489915,-0.09476572157301058
-0.5743778888327726,-1.2088527090236036
3.338382151783165,0.5203623398852288
2.5461402433182756,-0.49455162218873483
-0.7041647261091857,-1.6356055402861682
6.177951996889143,2.1265531560589754
1.923918784306343,0.6589135546442274
7.293362483689561,0.6628110379862273
6.529623120022741,2.4910181742129387
2.1674841515004952,2.631153429890231
8.441157410864776,3.3226110801223374
9.505419513991564,1.5793392151524395
8.76215057870874,1.6054244797308823
6.936149259999794,0.0410077363281629
4.500028917744646,-1.463912982923799
-0.9666296022636918,-1.4352912169829752
7.818829305319882,1.4407055146536565
4.497522433510094,0.9539324507461047
6.0409938526132825,2.927753989976775
2.9856948535324888,-1.3378521628184075
5.885233109833511,0.8079463468996985
9.44502525485723,1.9964131788304973
1.042424434378305,-0.5803797088615817
5.358335467678033,1.469903711427303
8.95743128422875,3.7917931749130744
8.80272360266239,2.883868063838847
6.022143390508689,0.8393797601456005
4.307654917003839,1.8077382469125458
5.295607516330117,1.0697506970773243
-0.9919539621875678,-2.308369391048818
1.9852735360403457,0.7313757140995755
9.5739933082117,3.5530226405035226
9.785365015636692,1.6700348050755554
1.4943354274818992,0.6688569756530715
9.644768866574061,2.9212288145984466
4.938842106266113,-0.9436114813370269
2.1874568130291348,-0.13685242339057874
7.033820182489928,-0.3026051670724188
8.314293360948916,1.3349178862989455
7.023063204605027,0.8081616215804657
8.960785233471528,1.2072720706153897
1.4736742773898706,-0.7926081846286881
3.612256179208834,0.10916584027575926
4.297160619879852,0.09640526975791253
6.688836499734289,3.3276165603916885
5.215790950106117,1.6182919259756912
7.139188043995615,1.5914797737355453
4.943300327711196,3.033225181991942
-0.0006269607159847812,-1.3923096861409379
-0.037393626464200636,-0.6749218415478646
6.341312347252372,0.5893467650073951
1.356858934852911,-2.421850895720337
5.61932291891976,1.2830212542554746
2.8114493526193742,0.6449173725001298
4.115868417423768,-0.6073713636912337
7.671073455216899,1.6923965830052998
8.017321547086423,1.3016826493792464
8.911041297089017,-0.3767801521114651
2.9860136917824613,0.4003154967662237
1.8468567036953156,-0.24671624986746782
9.452582378794139,3.026246384484554
0.9875601874200295,-1.3651344181113927
5.6953281422102355,2.2390631870916584
4.911766636973746,0.9775710685197272
8.882801209919474,1.7692965157479437
4.413310426790573,0.8523269425806399
6.201235546088325,1.0950759783980861
4.439834212301439,-0.3497985828688388
6.099793203421601,2.0106266490833686
2.7954700674758275,-1.4466926798872972
2.7324536932246213,-0.16852245876193434
9.790150181553857,2.7914818414004374
8.014247366402689,-0.23541954786169317
6.53097297615861,0.8319027602424456
5.1697556242083325,0.33337464172794773
7.810105602910797,1.1485730141410049
5.813083924819976,-1.7868782525062503
6.183646296255795,-0.6011713661801437
4.59996211742782,0.5060463204225603
-0.23328726426496083,-1.8353810201893368
6.345644950637783,0.6993900430482982
4.9130984306544185,-0.6837526226381294
0.6726521016875306,0.6736068811778038
0.6572488143534674,-0.5701267819232774
2.752529838837051,0.4845274667223537
-0.59288826495113,-0.5296044849484267
5.242942461376788,0.7467105973053935
6.8690639417593875,0.3981850966799779
1.2898638903291384,0.1631386689928765
9.568922320695105,2.2150001339681067
9.235485124171033,1.9129085989999355
-0.8640095282012525,1.0299371847862415
6.367440243476876,0.857018001227916
0.4361198550090366,0.3967631651577238
4.859546400955745,-0.07389536052552248
5.198387499051311,1.0547689836876484
2.3359699589644625,0.350941422114537
8.438125967744224,1.6713181285964491
0.548210089380901,0.5756651276247845
8.673367026159003,1.5681969607370934
5.610874283101567,0.2969912401722842
2.71578544058419,-0.7496654056446367
5.733193147202026,-0.2386250061020989
8.723756807872045,-0.39301018355367545
8.949606847913405,3.428185169113721
7.399533834318344,0.892761019753848
9.471429750779533,0.6216674471155699
-0.23887517767339572,-0.9264272294977844
6.127496676711796,1.2567621447485462
7.179092501550189,1.8277740307574537
7.543020714362735,2.511357486927918
3.0463697990291765,1.4375291082094042
3.5332524160081435,0.48425443423401243
-0.8706203289185557,-2.109501334828707
9.58521544668439,2.7804574138308213
4.942800382060271,0.19864965294146775
9.695093883273172,2.7157950171804917
4.888194173269044,1.7382706940488468
4.592462840934,-0.1671682174791198
0.6464084121370544,-0.8896699539806487
-0.33653557265961376,-0.9783245724187201
2.711615617996402,0.15062295096114042
1.1082350084733283,-1.0709641001247252
1.9051520355505955,0.9586559411400255
0.7885260081676304,-1.2495820533595214
4.6090347576950395,1.0110976736411255
4.403153984178876,1.2431900657372568
4.3378857219764795,-0.2713078351759528
3.2263440835137267,-1.1981143002937977
6.63814551496062,1.6800643413997456
1.579076683985921,0.4856549229063305
1.7124187292218025,-1.3403574734350543
4.6743147957340625,0.4262804453052831
3.1381854997544734,0.08661512223790954
1.4579138033312988,-0.13359509540835285
6.552883977376137,2.6079424403357216
3.1465103253623212,0.7362057748898668
5.501695337683511,-0.8356658205517169
2.126836461703178,-0.51753410131881
2.3310813182526653,0.5888695609464052
3.192008161308645,-0.26156568501582944
2.4539892954424167,1.2992573533598313
8.409696671080106,2.0762054021830822
7.971050467617285,2.2330950041670925
5.164244176513824,0.5344926225961798
9.173471911110763,3.1347554737510004
1.3535406264452425,1.0569124725503878
7.359227608163758,1.5956621247771965
8.704478971000485,1.8658617723128796
1.8070034894218678,-0.7137537074990747
0.9226209705348969,1.3488163527118409
6.261876279181525,1.4810806581198155
7.738144502758706,2.255745663400412
5.982339772270699,0.7917920101045357
2.627613646517221,0.3095766197696294
7.177725056680362,1.324520981457235
1.5165413362342983,0.5281436328505634
4.276319407797246,1.1193834245327616
3.6920420283133115,-1.2121609442197743
4.254601209234611,2.3050095097320042
2.331835883984718,0.30847747658236074
3.1060684321803036,1.5706616865189882
1.1139316432224917,-0.023766602471356757
3.090895081716832,-1.181077258680301
4.763912542944254,0.22495023985566154
8.661973201161219,1.8246732847158142
2.700155602862232,1.5410454576631656
8.163574941569044,0.9248314026499811
3.447533254851977,0.505895431095922
2.728629628241242,-1.4003545996567555
-0.9146163111613794,0.8727711583745976
9.52543879347037,2.7238193773907726
1.76805983998851,-0.47085744745846486
7.167612280346212,2.834978516594238
9.525476826740688,2.917451046813776
5.879597580450051,0.9176154509572714
2.438608105154226,0.527085805395117
2.222109825775771,0.3372515107046088
6.762639046306224,0.6048652395656933
8.475769964456576,3.3766628308994795
9.70530133747197,2.328473251872972
2.9618810755082015,0.43181669299332326
2.1785392935078254,0.7078891761653471
4.714524147204986,1.8681980305689385
4.33843733075767,-0.48695946549268454
3.3471125778759774,0.325544578746247
5.4875628923386905,1.1850639080507797
0.9680364441580727,-1.5245954969009001
9.063456259076968,1.530531709825201
7.673020572187342,2.1543710577949993
3.5484496689076472,-0.20606607711174973
2.291254717226203,1.3266050815296437
7.306964761354873,-0.3259582909060794
8.015912466051859,0.958276211355587
-0.9688700205320686,-2.5699093138276896
6.2437969297700935,1.065881255281833
1.4040993426273571,-1.2936229644213475
7.850021655150371,3.779737030440871
6.391642674293745,0.3386442197251046
-0.499294164983602,-0.5999776004560067
7.4194312345418645,2.1946420037701926
4.850117642979335,1.0649555286801915
9.23988212163956,3.1708031027373464
0.48175481767505524,0.04740724229113091
1.4756952887652912,0.08898963827918915
4.82070383365662,0.8239929616465741
4.35457999818609,0.5624735675121577
9.001360598240485,0.20754831681228247
9.137699889864315,2.852797425871665
3.7269847308790736,0.8747468729791659
9.02908719851762,1.1695594725692589
3.4450153002007573,0.7827481045590506
8.414805156657875,1.1409515457424684
8.120516937095841,3.210293809403504
4.605126598936101,0.06667338194744743
3.972199375546589,0.45387825881930605
6.040232250735776,-0.5953093985560611
5.697734174572937,0.8415072604944568
4.612240979345307,0.20876557820046965
8.556350277448663,0.3639209026687418
2.007112537692859,-1.0502131152614091
4.62838860613186,0.9741088749996111
7.47031127835856,-0.005408123887842287
7.316483841003867,2.5123917711013344
8.387499193016742,2.8304990556344753
-0.8284384002101647,0.27479755764912084
5.06472582149444,-0.688341645312627
0.34173297840541306,-1.942799123049681
2.729189592860851,1.607451599204758
7.8785280270775,0.18529989033702865
3.537113590555691,0.5398002041091424
6.33928057898721,0.8540159592328016
8.80585064280475,1.255990886404729
1.186139870658148,-1.1451508521285532
0.6637864728257712,0.40733287621229397
4.555212767120129,1.8412141967192324
7.777014792643119,2.473753311069629
0.48008614550491613,0.9274784384331726
4.227807324852983,-0.481788877157588
7.976335193722585,1.4058412146332115
1.9705252467297876,-0.45928461138764115
2.8031900094412108,-1.2475642975873458
1.8298301777295105,0.5637650543725625
2.7319483133828038,-0.43193454501722184
4.672205026682456,-0.26833762341029144
8.66841419425412,1.5765104516212618
8.424510401248396,2.339121074870838
5.89794496167527,2.0210947216656376
-0.12351009108279942,0.6960478082064515
7.823546942229765,1.2731355122858312
3.1206819656159865,1.1466719445035307
8.190959167478319,1.727156743025495
8.985227717020658,0.5256086770808341
0.7940568072047216,0.7253603622176368
7.272055418357754,3.8459656981104047
6.570291045957009,1.350068987022785
8.504679165385724,2.1965826156151484
-0.16064198532967455,0.7808853979687053
2.3696607898306983,-0.8488958631170419
9.934961014619837,1.46161672885918
5.2707969472443725,2.1904797403284584
4.629203630216391,1.0225187683261434
3.5000882070502453,-0.7582591578874218
7.384107728436472,1.293538393639777
2.2345848183045653,0.3426688974082467
3.365972972758361,0.7287475994536579
6.111074302547112,1.1846277375971395
4.0862234007485885,0.6275016119062742
1.564982152864539,0.11772933969232574
0.5526443475119309,-1.0122369152420656
8.48593798840831,1.0376084735003732
3.6651482795329775,0.9981000979315461
2.3149388882007744,-1.0153589020122058
9.392503317543994,-0.1808499460074624
4.04961967502457,2.411280830173697
9.160531666994935,0.9027779886936103
9.273158182197873,1.086560724982864
4.525865634651642,-0.9558184590982213
9.069592733104571,1.482044137890317
6.72539807755211,1.620044753377859
5.154431214823173,1.1623885556496019
8.467898758064372,0.6366375238518687
3.817781312006006,1.4061582559561883
8.839927549470653,2.3175729069862125
0.6602556708279357,-0.3132942315873791
8.27597166126441,0.8170513250807765
5.409273120983758,-0.6219277276125599
0.4808825344343184,-0.46619705399234956
2.948357765944664,1.0166408104920603
4.253181420521328,-0.6196421715989118
3.5295493209357405,-1.0238917289691931
1.4142758821869514,0.4994636072423206
4.053335169180141,1.3248488377133154
0.45415598507855437,-2.165361782837244
4.879478483346855,1.4166086012676735
3.843144921173308,1.1385535585350408
4.514513881537665,0.8259082344481541
6.589623352008409,1.7621700093273995
1.6593132715380943,-0.4265932100961717
0.8167759023834791,-1.629693685228125
5.173687366023428,-0.22890534291017106
6.445501423295661,-0.021871996376925162
2.877644138814507,-0.8491552827830563
7.1725001220341,1.2583287207620084
8.136878832148271,0.6709346376982568
5.378763427478641,2.337582949743849
0.2468606343222306,-0.031727519062545895
1.5666851842576794,0.5901751792987141
5.983435144598691,1.7937617681263611
1.3456601134937554,0.13745001957125602
-0.37196296160661624,0.4036216126672365
3.0232622523710067,1.1007084776306717
8.344040202268388,2.23618070179217
8.53296195835732,0.8773981238107781
8.785677949357197,1.9625955610766657
9.243506599674594,2.5943312120424933
6.8041753341131,1.5716560982079038
6.729115221052879,2.22890987134458
3.9320012719325987,-0.208626586537082
-0.020301357797631536,-1.3320104023252948
4.488192948003703,0.8033063835857134
0.610192556124443,-1.0616220653063952
8.765810455605749,0.7088882112445529
8.397367158986011,2.0665333171010607
4.19768329079805,-0.4324826482930729
0.9536521087104801,-0.8126878548898377
-0.015554183481182648,-0.8387463609623794
-0.17606499771966055,-1.6896005107113305
3.5311824779708285,-0.6499520122685563
2.3848837864699024,0.9655411407746308
5.468181114396596,-0.5352150721801141
6.156865061164244,1.224630076514256
4.799011139078189,0.1687907999429149
5.020679448543113,0.37339448273571935
6.664562484314802,0.7389491845841865
3.2113616941123917,-1.3590164076709246
1.0181225063720802,-0.5077491684585053
9.954570748283826,3.4731195226506615
9.574772273063214,1.2608400158299922
7.6188861045862275,0.5206559946654103
-0.9799418558174615,0.386392938212336
9.575774244037504,2.931084030275076
9.965448801656244,2.7803527887521016
6.1218604482218,2.020905819390883
1.5954687348933994,-0.6395411174273562
7.202949270059721,1.8570671406819534
5.221441309246152,-1.156293275179649
2.4176057372809168,0.5038671859287969
3.8227143268104706,-0.005677395310803968
0.9822551124169874,-0.2559610630585854
7.488754587762733,0.10103765166134915
4.171630376334065,-1.6431324934745928
0.35949284577983964,-1.6531368494563377
-0.9837327163540954,-0.9490023870649377
7.852556160745648,0.4987030053526018
0.16392351535854144,0.7687119753615687
8.918626711400703,2.0282188357885835
9.899406145834439,1.8663138121252278
5.899137231970049,1.2215611957390813
9.663105795298998,2.1415586351099614
2.3330786095256375,-0.879178061830604
2.715682868545084,1.34178865068617
-0.21524566008556945,-0.8080764865522533
9.040631265796279,2.4951146347843896
3.068669901322001,0.924638695260768
0.8875436506029484,1.360061507517554
2.875874610872841,2.097636387870008
-0.8296147936338639,-0.3174018310444201
6.691697688762216,2.3719409060709222
5.967020585310038,1.014428884638414
7.537880460503711,1.68180623819052
0.7312342107807088,-0.9278166641686526
7.714304843586465,1.4818010816002734
4.6105243288619615,-0.4364454748174922
7.122045939733747,0.980138840531146
9.51813923477168,1.2524628972655
8.067785723401771,1.0139618468456413
7.723969325678004,2.3641738490269972
3.399632848948195,2.07770855934813
2.568522339977717,-0.5419049626277912
3.1768242768384116,1.3411605691439044
0.1863571598058067,-1.9578636551453679
0.45086321006018526,0.10691636330188325
5.638166281918697,-0.08769497962282169
0.44936864956999045,-1.722342930785869
8.440388824338577,2.4347061940581396
9.794445705129867,3.1240230030508194
-0.12761327273769107,-1.4476434679769743
-0.869139440436014,-2.0380786611967903
5.205139353715941,1.204836245508349
0.015310201137702872,-0.7158075747294227
5.59470824795268,0.6986987372033595
-0.13725299544171776,-2.4294030218492515
3.8526968582377545,0.8657152722395124
0.6527578815081299,0.26504652716742716
9.135640901875423,0.7157788934831655
-0.5931526719683566,-2.365481480963985
4.953175214753435,-0.1961715738870512
1.5859050293916193,-0.5836073470804555
-0.4780164514231612,-0.3667677027677483
6.954956985612693,-0.19854892436490923
-0.372108257006605,-0.558299613952119
2.6533300225251235,0.4650595231096934
6.7391768647356844,1.2417572660444547
1.8799582778381998,0.9746143885031379
6.892362457021183,0.34437970396296036
7.352804397416609,1.2681476881995617
3.685430147694049,-0.7651642794882794
3.2141770680633677,-1.9831291185367643
8.39723273409198,2.5451150694608895
8.975897549889815,1.3639806112600188
4.039302679181056,-0.3912327085690127
1.517178731514187,0.422702461571164
4.147690435997811,1.6417026212374453
9.437587012471264,1.630598566879766
9.051311377030997,1.325318834397191
5.193807494394456,-1.1389164435129175
3.132019696803475,-0.4075424941363509
3.5739608477755773,0.46992322823905197
5.941834447449944,2.7803959620311143
8.607545658626755,1.646474538526489
4.595536655632317,0.5126314071283059
1.547112316506118,-0.5654603481842972
-0.5058438507134718,-1.845017923637188
3.2458779578268,-1.0160468719562363
6.745551373808326,0.7128598982526916
6.832990851367125,2.143393490283538
0.8539775841889861,0.2758800390260299
4.98550364846383,-0.5554975405015228
0.20424833550411847,-1.2682099315039856
4.963468068695373,-0.9086174656801205
8.10022969399664,1.3837066329202
6.516795659206107,1.705857224545701
8.844322123709686,1.3968246442757315
5.053443944316383,0.26064105056215947
6.074362815201905,1.6434084451698063
9.846506108466178,2.3783926251987944
2.081928506193991,0.200755325095959
9.65971006192914,0.7671612814523159
5.009023290234271,1.4760745698438684
1.2350516315248115,0.5849808395489893
0.5305516145731999,0.36896206746336324
6.619938736868138,0.14138691157188288
6.05025769819648,0.12423001368178344
3.6839276297562096,-1.9872029280833694
1.974273518687478,-0.543473968686767
3.4860735311623774,1.3576139823259232
6.177852640050732,1.659127977964483
6.373038032444925,2.715680566967745
1.0825810685838348,-0.09208768622186625
8.61810863013895,1.1248833122135433
7.663716859563175,1.504327577499541
2.3984166481039986,1.0840212247227314
6.699081984859209,2.661340735057907
-0.641428302517117,-1.968015067512062
5.074026685350503,0.7344347291752293
3.2554002915124958,2.4402630764922666
-0.014203921089138483,0.3657006175442492
7.854246999099621,1.0529253286751628
8.492468213773146,1.8099443868717502
4.01655342622718,-0.8250434258192565
3.5411939821927696,2.0427465924037733
8.629142642013345,1.9169676864011462
0.8186786939979214,-2.2041942942535373
-0.8672958983250375,-3.299614434069826
4.661867363356936,-0.7947201088989082
9.623070672895622,3.078583281878802
3.76851899342957,0.1780803483445081
5.1635967996601435,-0.18415231275810795
5.1904301730099505,-0.08331249701303
3.3321717499982206,-1.3518143694277858
9.46833095142487,1.542309848570333
7.478886313484701,1.2258401654643258
1.094763723016153,0.8114365003193125
1.7296165304971387,-0.8020808720893231
3.4310610183564885,0.8830234118831616
7.869979939513076,2.1085441148800506
2.363745866579464,-0.6757058809962181
2.7137743575981847,0.4597493934686124
5.088289280392259,0.442197818467167
9.835493677893783,1.8078283384061649
8.425718742239457,2.8712361736829184
6.493766824583015,0.6133419659531392
9.58892664789862,0.8969646204834167
-0.8815004310803671,-0.3510822574522994
1.2726989216088285,-0.398370373255309
4.7870591584715445,-1.991085473682966
5.435896076065018,1.1443274734157107
1.1790339097674059,-0.1259542221708905
4.519224523197659,0.9218936085565355
-0.9670284887794315,-1.9672014880432762
2.3727851497518415,-1.2178020897770214
8.45848972263842,2.6807017428104474
9.252681776888242,0.5980469984867174
7.895190162842853,1.585760623571085
7.534360062747085,1.8490872897851278
5.433880589584728,1.8558358383462386
3.966911328407864,-0.6597265325074939
1.7056631128997943,1.6765931079653902
0.7109947528335632,1.126148452931323
4.5409407443973,2.2688407277074116
8.744260938020474,2.1833610383880084
5.7764348580895195,0.9845474947726119
0.20281486297805174,-1.2432118916036263
0.5572224036718791,-1.2794552218790511
9.273099958192336,3.612292462567026
2.6035289439024254,-0.0787906713006688
7.484793668174662,1.4858522539924464
6.123263118879216,1.9068633213572832
7.539591045819797,0.8786730622444195
7.499949957413495,0.7613862976761708
9.431335963857567,5.03802049222654
1.6686366056517086,-0.7292361333186225
4.26294572137885,-0.13447545687053775
9.85896331041671,2.9965271914314835
-0.5690508241696599,-2.384935953298022
3.5917197110239325,0.5993585345083998
6.688561881146587,2.2208662690046417
6.057695526730634,-0.3275369144892033
5.644385678018487,-0.21701425517450934
9.106469154217882,1.0739191512316641
2.6342755293814357,1.0317058298239377
5.804548094427304,1.5795853487780067
2.7003287470700057,-0.840519472821612
7.239672825221989,2.012845984329455
7.327655461018914,1.0106717885489869
7.176203735555614,2.529598132061076
3.569822983150032,0.19717108458168886
5.6436376529543075,-0.3587479641746798
5.683954314780449,0.3475127418117525
-0.47526566527994063,-2.1011667314655655
6.232982200111151,-1.3577459440135353
5.322433491475997,1.435742823103546
6.543941983564976,0.42478873230295533
-0.9843355060499591,-1.0792474977543036
0.7725139396688585,-1.1823699723644838
4.709690400417645,1.2815220715929176
3.071996769215663,2.050330178816071
8.626814611878764,1.9676069652583477
-0.3191153682355199,-2.7194023661982385
1.3672437636911656,-0.30750830625626785
-0.7109052202895407,-1.130355709603839
5.18380650858698,-0.16369715082049363
6.327579399979253,-1.279674311663336
6.4859546658200795,1.0705602693659269
5.31051996289847,0.4928698482664527
5.6189099977077275,0.5533086884594377
4.009615961863437,0.5728418482355511
7.607502589853274,1.587922914792771
1.820769710608186,-1.1221640764515648
9.063130113740268,1.9493714902842
1.2114208195127696,0.6623275430560113
5.439298850156157,-1.1598306792667041
6.810372613850381,1.2403764599685578
3.024701240818806,1.219730560865393
1.4222704445448993,1.1422517114066588
3.3763463009471586,-0.12651126840361815
5.367348032576338,1.3069495590665992
-0.8679102312283146,-0.4050613081351341
0.6149499351581338,0.5133166830251584
-0.8508442736554699,0.4537139644339532
2.921295443208085,0.8581329419563583
7.5151921501916465,4.083758797859117
8.217801485091778,2.1436980108473644
7.281052524594935,2.5494790155198963
-0.20713413878156828,-1.1046553116363922
1.6006304528369513,1.634317300111376
1.5757911014838402,0.9960753004376037
8.81515206855287,3.5934949793457216
9.835096464886961,2.2052036582201726
-0.36923265826569485,-1.0447523080136212
0.42111893290151925,-1.3106967870369428
6.073087207990777,2.6320940867550653
4.014779327134205,-0.9575531523798362
4.363280269996355,-0.7977287452884658
3.6435220731094615,-1.6339018061193047
0.67134270069907,-0.24657174521910585
4.484650590604977,-1.368485259102984
5.424476282743015,0.9853119529571062
8.698724988405763,1.7717403665535214
8.321666399191082,1.485291538037259
0.19838470741283132,-2.515249923638906
7.871255762838727,1.5981101739293937
7.984666222928984,2.7483360030830157
4.017855719080631,-1.132288555546569
9.493738316500798,3.368051096005455
1.5557601004838828,1.6863800957763826
7.944141361409692,1.3747791906237263
6.861487171084888,2.0434279346534545
8.661320487065263,1.5112731530586196
9.624311922800862,2.6156398614482397
3.1345125625529633,1.1008279729435475
3.0570995977725204,1.6620659002950537
6.102806977957348,0.18836462917544605
5.918604273881705,0.49521820177465914
3.9451696110884757,1.0398239923277157
0.675416654030659,-0.3559516966283409
4.974537314804865,2.773439067624911
8.409528734435769,1.1721287234533984
8.738107141555792,2.405680428143058
7.438108085987576,1.1203565637537274
3.6935814919780796,1.2390386999985918
5.915853601236834,0.8208348782284787
6.986304850881135,0.8629088421346184
2.8723503138166153,-0.39916026333966237
-0.14851428227746388,0.16577019683010286
7.819181165922011,0.4205359697877411
5.396127003004741,0.11937490467861656
8.56951533505349,2.196358182607636
8.11724063163062,-0.3780826057343083
0.09997832815672014,-1.9707856132609072
9.044902874760233,2.062365091456401
1.6271142500718936,1.1861332294330662
1.6070686502405809,-0.45144132879655563
8.861205724988036,0.7445162480526244
2.365964465194847,0.5990867686012399
6.829627239269851,1.9159406840872937
0.673903984643788,0.6889754062934492
7.948516058197679,1.178143408477097
7.837659569064792,1.1679204825868799
9.152455856132192,2.428094736124557
2.663971411186333,-2.380302189600845
6.066669774415205,0.07926860784516454
2.1641546422505753,0.5104964936640634
1.8938772910216395,-0.3365728794601836
5.902106098210532,0.767436365105429
6.626079999305877,0.7107522865000432
3.8806632972652455,1.1099336248331737
4.897849860238581,2.1561842419278188
4.365090606599498,0.9770733487523493
7.13111118608426,0.32816470339300663
4.9175791847137695,1.1507055669421677
1.4477149089254842,-1.1294458916236831
-0.04261347602768095,-0.2273695170133298
-0.9057965663639865,-0.5701698401200886
8.110879534655586,1.1848372799009121
2.150979133090275,1.5560619473926307
2.0564210255839703,-0.07078286275638522
0.4597375793010361,-1.1294700197462824
6.80031540565858,0.9862015293921838
-0.3635597108337868,-1.1541863641752532
-0.9306692452278907,-1.5616129404862815
2.468678558345011,-0.16151692313661242
6.889509521089473,0.42546628644576334
5.873912626727098,2.5917016593479296
5.340675043447142,0.4283372703010533
-0.12697994656272327,-0.8060939096690369
7.509930300001118,1.9945116759696795
6.406307338354466,3.1566024332228597
1.5845788339440583,1.0066695103071457
2.555736960191982,-0.6971002311230056
4.010154382648644,0.7890649543655228
5.201378667778547,1.3786506965428773
6.639442969964903,0.7120024717160884
8.314829026924285,0.5289393517631578
1.368527200014086,1.2401813763334506
1.5078859884236628,-0.06558255099636517
5.99754641624299,0.7301577207897263
6.204878622749938,1.4547235708560262
5.746002637353706,0.8221307376136978
7.571399676046278,2.92655765653316
4.443506754945079,1.092562581098556
4.774786523414366,0.5372116070297697
1.1842198208474146,0.11961336890739444
4.989589005390071,1.8415283255441286
7.706836608793253,2.3346722190030005
5.725086196860684,2.9438132796226513
9.39643822782361,4.056963934311825
6.303665292974623,0.9955550275286313
1.3652831223821291,1.5462201529558774
9.64051007240926,3.930352416009349
7.644627415256023,1.2064197130405174
9.131794683640363,3.817562637634349
6.378927356035641,1.310810457449771
6.845148293770271,0.45077693811453523
1.436260666456986,-1.2474589325137524
7.585395667940059,0.4864193584613945
7.888264742376073,2.443231511779652
2.41801110411466,-0.7044632911236134
6.031740002829528,1.4175383401186255
9.487923287525058,3.5731291289918774
-0.5441785641306731,-1.0201647282472457
6.817845737359513,1.337164981444299
8.995982804219743,1.5615458133016755
9.80850503033813,0.2546791044472607
5.397126403046971,1.2100257354445394
1.285761432321368,-0.8678016842575267
3.0811129596136135,-0.6110456346026146
2.700585855934918,2.0839471706511654
1.9818658525475894,1.543598944835175
7.197628147635163,1.2534891522021685
2.5224676611677226,0.28230967951853636
2.0187028132685945,0.7372197738810284
4.686512925107379,0.32939607166381996
3.295008771644804,0.6593635307625414
3.190652477027637,0.09214781535815891
-0.558129595971776,1.388758551774313
7.963496371569072,0.4884240781874518
8.214612468832513,2.925692188686667
4.42202815096722,0.01789833386191797
0.4076213789007257,0.987301772263117
3.399451077645489,-0.9898136534974169
2.618909405349429,-0.882045630442992
5.205101635866363,-0.27627096002164864
3.318176974726624,0.034553491489227595
4.216879249989015,0.5478951514432264
3.0872567482463857,0.26238023040050934
0.6438690569150167,-0.8644664271416407
7.688694261577666,1.1882042142137599
6.013584058742543,2.840938261674956
9.60274901997936,2.148815630423697
7.515447200698182,1.8197278628528462
4.754651156652111,2.134717950351553
5.234370220630474,1.2933864037714662
7.319298341751956,2.9786582967921564
8.348100397955545,1.6810951688869304
5.233797057796274,-1.4084053259771316
4.988674098432417,-0.050254736896617636
-0.7245481928172052,-0.3826434642173763
2.9819343075693148,-0.8964701014303134
9.053346824957957,1.3117140543940702
8.489293173039224,1.491318070178874
9.785041023743311,0.8324229816381674
8.884386610593396,2.14669371067583
9.837599902127806,2.2140135508004635
4.369763788038028,-0.2911190594391606
3.721640046740365,0.6604940969497783
0.19654555796949302,0.9535277574543891
9.515168797810087,1.8959251517972069
8.99987623030292,1.4379036248163604
6.198316561039128,0.4297561579982716
3.3405191057582533,1.6894856389836101
5.478730579082251,0.07493328925121834
3.5090859601500357,0.07017983976584369
4.865502123157276,1.2642078443344955
1.3805290996418629,-0.7921435557851793
1.6294860708297736,-0.04041133868661714
8.345134573584414,2.9205716450924526
6.9201408275463905,2.4266995916979126
2.316526106064299,0.5683624164911847
4.164470751257289,1.4705544756796036
7.241259996806882,1.35408831219242
5.627214570179587,0.7234436595340565
6.401881484327156,0.6893918602823575
7.339035665280154,0.9797218238783825
3.1471069783015952,0.39257656292553045
8.760631710813641,1.9206248667794834
2.343537072473356,-0.23874455379151133
5.3731101689720875,0.9843493183938152
6.668540301481157,-0.23433454099426676
4.292226973044168,-0.4690477142090188
5.117625856906663,2.860608581218695
0.5293641760475731,-1.6998586906193853
9.261222886896158,1.8457931483989052
8.812800401472018,0.1353824579607068
3.1287650058492176,-1.8630088294645737
3.5196842402677637,1.1111129664505623
7.87062796232741,1.5368309841690515
1.3680530265449802,-1.4941363437204696
7.755937570886296,2.2829803018843635
7.394125874597091,2.5168719663433556
2.892688508100603,0.005047094349835579
3.408353504476204,0.2156698692633217
3.4156820887040213,-0.08203083562068397
3.2398891062897492,-0.3311977125115615
2.7415194454274663,0.4180144857956893
7.6346621546894635,1.0593213367341379
4.285353880228743,0.44900489726460213
1.2926421799299916,-0.5790482062395284
6.696971700979859,1.36179607452824
6.654956577170247,1.903275186497637
6.417509564284092,0.6718345772714217
9.651825426877146,1.2235947151407909
2.940075116044489,-1.7749267269139755
4.3360663307817635,0.478594915908811
6.617019270935069,1.9334759886567618
9.879795443068254,0.5701656507133042
9.281858349192852,2.449460371931851
9.321153580366422,1.2464482081473518
2.3048731521688213,-0.0189487124017398
3.1515486755165742,-0.5488175258636974
3.0249530023738034,-1.4802791705570093
9.099431090327815,1.2706372238441994
9.692544038984549,2.6183224737954056
1.0705766382844981,-0.7559625759732344
3.243180508952004,-1.3722638215057554
5.985146339945386,1.6124458031203779
2.3076071867063828,0.8891274254694596
0.12098285669962094,-2.400944538010246
3.781938781134575,1.6533022896597414
4.355713674232784,1.2135872590986228
9.064294921470637,1.2997134273346247
4.795736581071387,2.261732940532183
1.6520398610258402,-0.339359072595777
3.093359307100867,0.3655696787004855
2.3093528255440336,-0.8083633756266435
2.1150154367383514,-0.8407961267690495
2.554680420797784,-1.3023637420166776
9.009708562433065,1.5859716750599924
5.8326150126966,-0.3192123127546036
1.67476345427779,-0.7829457023764368
-0.9381750848191002,0.8370501101982291
4.381748133954198,0.764889808788165
1.5866726014340786,1.13736535799252
-0.04237093854839247,0.743293297235687
7.283518858433425,2.2833645004384984
-0.9235072070420752,-1.5025274039470662
1.2079443273069148,0.21692929549968937
5.3800714587707805,1.5813518786767982
0.9785712146162777,-1.2536379515387521
4.602095245298138,1.3449784781760783
3.0685833404108287,-0.3913351198560231
9.41026664920133,1.8276386115148875
1.6865427127812858,-0.6259862328782206
-0.15322009394190628,-1.1372560357244121
6.153814723835652,3.1167903594198463
4.882093689099859,3.050259033215674
0.1186754779108794,-1.7956329153459718
8.988584695325393,2.8075714913244862
5.480591818982106,0.31598184721374944
7.848499000632634,2.754766257224313
3.256124658163432,-0.9000136865226279
8.555957114615662,0.6763183228111513
9.632398754006207,0.6419537583713102
5.487187130571714,0.6693545786127446
-0.7921274450142558,-0.8424996655406819
8.611593640956263,-0.13973448001681743
4.522170573953413,2.7826862389195783
9.309597053561848,0.7031653228846717
6.11962300669594,2.3662555624250023
5.293635092240171,2.693770826939117
4.431553035508991,1.1573799720857632
6.85657247761989,1.644639397881908
0.8693371584812044,0.10890539040480046
1.720854612441927,2.7762507953214812
7.8033228387541715,0.5597496953273895
-0.458983188272278,-1.7337471271658078
2.265626953189033,1.4608157899722167
2.650958189733399,0.6440375385031308
3.4384883875656707,3.425564142538879
0.587594604344988,0.28471515916266765
7.271149785280388,1.105399458758316
3.3043843805631115,-1.3842000437067887
7.2576048129735025,0.596294844027614
1.9321577267327972,-1.458721804655022
1.5151071462928924,-1.4825374370602433
0.48930707953811803,-1.2516712050298948
3.178939951959544,-2.789664773804504
1.656036056446459,2.1007207047464638
9.722155026686051,2.6954557890427813
8.086132397415126,0.7356459043551273
3.3587456321679348,-1.1322556250713998
7.412771702493252,1.55881151135966
4.429451754934394,1.7682640099999123
-0.18121112735012823,-1.5893813662487664
4.434415636133822,-0.1583728341563384
5.144905982598396,0.7745280504388699
3.775273062951608,-0.1859916523971622
4.462342919657836,0.7070611462304918
0.5938471250847412,0.028974716671975154
3.4774714779236824,-1.3188104929035296
9.341838138363933,1.2741695600817267
9.75329332997616,2.1195527884264718
1.519865855300028,-0.8113016311705594
9.096493282643749,1.5515592335649675
7.843247438700358,3.8326550863912408
2.7460131069610036,-0.3762450765833043
4.14754719109057,0.40660006402238486
0.7866976393022702,1.2288321093070402
0.7437366621439567,-0.30242794628902053
-0.9638703268295312,-1.5778141513824058
4.425510859092148,-0.04513516479741375
0.1983221862045772,0.37411363814632237
4.646082552427819,0.6628421625957098
7.8308363350017895,2.596954354759895
8.76377404051012,1.8086513395560835
8.979127962686203,3.7181870770064993
2.029372634212078,-1.2120987253880875
1.6687125573908599,-2.3059478891545537
5.708229368612207,1.324047552072003
2.459705076335625,-0.8231205344427904
8.918448428790008,0.2621325691757648
8.27891895997111,2.7450560585665262
1.3519099264682235,-0.6362681036856787
8.156075105192,1.487841136722584
1.5859751441915937,0.6788149188849334
-0.5176745049933354,0.22622689850898225
5.115799769312569,1.204129238104759
9.562251394031389,3.938916230371725
-0.9551329407307291,-0.40519008245712373
2.2140393946797015,0.8379405172290266
2.938617149565227,-0.08563719734834757
7.93561796774487,0.7479106756714152
6.246141304021558,2.0424736857045374
4.050010930825981,0.6035232996133785
-0.12349096379033242,-0.7907983559503238
1.071466766627926,-0.8887456073846636
-0.8996555800480723,-0.5522575118155643
5.081253377233889,1.469421642925211
4.984761085495625,1.543825264190523
4.268312714165415,-1.260833124346015
7.632807804474707,2.201371233242482
3.242316283139477,0.4580630113201286
1.2958757241277725,0.19552776397818156
1.6574341140651652,0.07862104802233183
7.57543059063503,0.6915537308536179
9.17341291221142,-0.03130856327332232
4.294051924760995,1.387231230640029
7.658194619183973,1.980897471679389
-0.33787416146971117,-1.9864632985909723
9.165068850776846,2.4304024027445226
8.379645617182607,1.8335038379483453
8.763244406084361,2.1318479147709084
7.272469858887307,1.0489126736574503
4.691967656669866,0.470021661718581
1.7461923491629383,-0.6429798775987885
8.184320503978903,2.120230344632694
5.866895793644936,0.0997027451380611
2.878271134690612,0.6622192162806675
-0.7142605770740988,-1.5750965529949452
-0.42888234509632017,1.9680139530103946
4.253382184448626,-1.547892034477073
0.9363610796445163,0.9111565761626697
8.142435452684602,2.911485500743667
7.093552801555592,1.263358543228308
6.168355677972819,-0.304144563946944
1.3109819279190527,-0.47827276306749666
7.0405613025439,2.681786320711229
4.712090864718962,-0.49054659109380316
1.7711385837305098,0.45002352415086966
7.30738020027901,1.481030952794335
-0.5837774957844335,-0.3763254349232378
0.3756722287673506,-1.7745780590746896
-0.9516167903774667,-0.07628888670880296
0.49657790545779656,0.26203216870296053
0.8330254054293111,-0.5212716342192603
-0.2358277802341403,-0.1570337894877074
8.411959599155605,2.1379500024566154
3.0404292815100327,0.05856896709712078
8.044456252298316,2.7719984767727563
-0.013977885770800724,-0.7945315108337377
8.97043322017042,1.7814362387671614
6.668352607095491,-0.142919825365027
5.86864802253304,0.07136027227494801
1.2852103268753199,-0.7587974721676246
1.9351088907373089,0.20748716435206854
7.717975510840679,1.9245782214593925
3.351333409974224,1.4757424427405716
0.36471488032863375,-0.9243624317830543
4.689956949829164,-0.5420136659204262
5.920482718114502,0.23580363209084976
1.9281022008645472,-1.7359229753019503
2.0592576237482727,-2.089415410111182
2.259900943444274,0.09908807362597204
8.34848441311047,0.9454396247476807
1.1622467280164281,-0.7489063264661746
8.204348486571288,0.5328805891303101
3.1728201508376275,2.5111580442439454
9.542350887934836,2.131624545923662
9.390928617735144,0.4547014320595282
9.061606818343206,4.16375961346443
3.2432005132323036,0.8268090733545602
0.6404097429048607,-1.219215625067484
1.6603601504107401,-0.25557373866345945
8.117064746169863,0.11227976021254338
-0.4541914069206714,-1.4203101107819842
8.418931010103883,0.8690887738998765
8.391053950782256,2.2220714714143486
8.672538152602602,1.2259638200579648
5.915598747880043,-0.3012333872882005
1.665991806138282,0.6984959284568169
-0.8722238044128888,-1.0925212536047284
2.0238226281792597,-0.7783428766208674
2.0711185255979414,-0.7901877368412177
1.4479242330225048,0.3029289131011044
7.881035713406881,1.4313824663179266
4.061506175732873,0.6738275649357844
5.411262689490628,1.3970318464677136
2.9871162164374665,2.7639083764750723
9.884482762827734,3.1709500038882585
9.652231364194115,2.114374696432653
5.876469567300302,0.2083676970205044
9.932288580440117,1.6956737961195048
9.327421995206027,2.61312456592625
1.1968215602039542,-1.361232460178761
1.4405303069596571,0.8728373134241383
1.2575486333100425,0.023089796263889295
4.460886239251244,1.0262204611807388
7.516866015435051,1.5514114248695834
9.206885283721684,1.4578487899011456
9.193312762327526,3.025706483007117
9.496521052324146,2.015874593845141
5.851780759481752,-0.3153651012770342
1.7972553905349251,-1.6945161924680925
7.082069824269441,2.8820545872617487
3.8657414610511225,0.2134733873757062
6.219602037504771,2.0229520420209584
3.667977606288755,1.7133967121182536
1.333379368283481,1.4633325279864837
-0.026478006525650244,-2.4529398217973784
1.9223162071923245,-0.8295435625478803
7.485354556168879,1.1703738424176868
2.1638401506368328,-0.8388408926069651
8.050547346213285,0.5259596150987611
2.095808352263057,0.25204375262042034
2.1637538619834,-0.1920845940863687
2.9025771912155536,-0.23470365210496608
-0.4137463224771233,0.012383084606056638
5.573114511171482,0.2704157796163982
3.9190939494059682,1.3937554963564487
7.727650680602087,2.715981872078523
6.742336508888956,1.5412482488986894
1.5873830460754816,-0.6744641564408391
5.143115986442618,1.703104030726768
4.914588391602109,2.1432018578307535
1.0587319683661063,-0.13408832262159748
1.3954511467021122,-0.9861732275627932
3.775939991520887,2.0204525319313094
3.2455050239502814,-0.33282553023191463
3.866601667951069,1.412472232129665
3.7710183922635343,0.7035919537403336
-0.19124079800849259,0.7713642147836288
4.635944812518071,-0.5452874063085593
-0.5790641805874427,-0.6317334725128869
3.565572693512511,1.5985423851382363
6.338028295522099,0.5586208310099575
1.6848795795071947,0.6576039474652139
0.25785036368402325,0.5109506390799792
7.661267005275187,1.580747765596324
9.539209327133207,0.5631017404629499
5.375399730860068,1.8499261605612274
1.95408782634621,-1.082074161661772
5.8092183187648265,0.2722164889994678
1.3741987213981801,-0.25729901367112923
-0.4226418327563124,0.7064948377411372
4.345094036214192,2.2424548900244305
8.663165412301712,2.13078157106066
2.7910917426616364,0.5013529443985945
-0.5795689724837606,-0.817655165065928
7.092969659108785,1.9590768737133444
2.105387815757539,-1.526890073142885
7.056917785931191,0.8264435327339982
-0.6466868145472345,-1.3958211474122035
9.669725102284827,3.976844020012864
3.1125881389300254,-0.587959551276776
8.242257406661288,1.9877031908229579
8.794013846125576,2.029422713617897
7.258233089288472,1.1805027575520495
1.4875207390695673,-1.2050204354270908
8.476160516025415,0.7473578718283203
-0.38215254764837037,-1.280850348659133
5.523677905463247,2.7046308079248287
6.529297992888675,0.7373892863149785
0.9051073326859091,-0.5623447158776551
9.959826293280258,2.426590975901443
0.8645451097659502,-0.30767762873389193
7.074115652979307,2.1388906331567545
3.0044975445982427,0.7073332394316942
6.224855709862865,2.1838460105672546
1.622329693701149,0.648045289873789
8.41104955002151,1.3417345950022832
0.7892521220943465,1.6827199352472735
5.471983115034664,0.22763443283395302
2.802123619510908,-1.4483969572918025
1.9926079666093193,-0.9826043374785244
0.29984299176973694,-1.5645846962448815
4.424848452857757,-0.2090043699282862
-0.7401010904479132,-2.9183834201515477
7.396695583483844,-0.0078118196628711445
9.752415396863917,2.6044158189724618
6.595869482073571,1.7131268709942935
9.572042799907884,0.4402589762037834
0.7187596720940936,-0.5455953757236132
8.207019821387778,1.611005122209982
8.639045780437607,0.40768864255725656
0.5966441613539533,0.39336893710000276
7.385190406668979,2.2779915472270877
2.85920976669781,0.46394832785462714
5.804686901500467,1.0863650872833537
6.061576004632978,0.6422765671539189
6.59072260583512,1.6783316677826892
6.65350945388192,-0.12364415167360643
9.009257676753457,1.4527710324475862
7.01421675797242,-0.9990626517401455
7.892301242693552,1.0611241327711514
0.2021569438977424,0.2993762939715896
6.960464544745391,-0.23766473460269943
7.914449336833696,0.9333035866753311
8.161112741232063,0.5306589127097598
9.68066515324597,4.1869109762969074
1.8535572985733473,0.6641293753349801
6.816561890981702,0.26545361859849503
3.1437810491233957,0.5608055280972315
6.864485053201873,1.7878758955836973
0.6606189557095776,-0.6595426128295905
0.19086779672869447,0.11225523523909497
-0.6304489491681728,0.021530936759267982
-0.3421928594345206,0.16919832029191262
9.086582196539771,2.2338386342963634
8.84070450617369,0.35815219752506344
6.661849558366645,2.794706503460112
3.4934569845968637,1.016262240080265
6.033771307087448,2.120135994194688
3.9839198594057574,-1.5675837797028083
0.21271276316264842,-0.14583532296177754
0.7335570808727461,0.28554711247052167
9.984140525207494,2.2234403257032116
5.319008645122421,0.3631531968972723
7.227871075625339,1.0211680724249987
1.3094997209544488,-0.9307070319487285
7.893337305952404,0.23459424872957535
4.242835932037815,0.2697312717964021
3.9178379844383455,0.7281742104057529
-0.8505269941462646,0.4100377094753732
7.0506676772907895,1.954657715893537
2.3432280419874987,-0.3303943236253607
6.2589793516803995,0.5563230785359808
5.21008709582403,-0.4008815752115429
-0.33414329435759793,-0.8958651961542368
9.698083379708777,2.8617082187306444
4.108526261575065,1.0042619118668068
8.152855383360956,1.0446236954094688
5.550035866742543,-0.11398040812449617
3.8778148608437597,2.374156477975621
2.261927300300293,-0.8904431768005691
0.672077899633438,-1.4553268396384245
6.2854270881173075,0.73722057439336
5.31720576317272,0.5612663682184933
4.648953018312392,-0.28855299332396633
7.212318413922521,1.6720000852061672
6.921900522796983,2.6124290495737497
3.0173331905426615,-0.5122922267074208
5.2715963528913985,0.11223577582083033
3.5240001053998125,0.3841829622788403
7.223849457153957,1.0273557268696178
6.520208966846156,1.6764774784423284
9.832502897262698,2.186878649402781
5.8168721501152385,-0.09357262789583398
7.838739779495187,3.063968260738238
4.9940686949889415,-0.039695780073029874
2.094113918290709,-2.083157216707135
8.24806784373867,1.9357710442017053
6.249588100603154,0.2857149121172098
0.06092969179406049,-1.7491711833606456
5.19999894641577,-0.3987876459337749
5.831185446622047,0.24002206595734177
9.131638597083102,2.062513384813005
3.9842745721716826,0.3636704464088881
9.649853379889407,3.1439152472732985
7.518695774463273,1.383246982754705
6.950183345124786,3.764827128309525
4.015799406291778,1.1618411877441477
5.554078793271473,-0.16276332959825845
2.261796443236766,-0.25569200285408744
4.988215150998406,0.9283867908113743
2.387615900082749,-0.644683743097029
3.8434296265670174,0.9733266633403169
8.22944408314072,1.1212512041884213
9.990875327201358,1.9231253576647047
0.375333328040643,1.1025998986953662
-0.567432908272689,0.9931603394662792
6.024831739151842,1.8220147197470555
3.3836672828002374,0.9488852928706304
5.0424876001515715,1.09252910296308
-0.02316879068750577,-1.8330274490413592
3.3909823931697654,-0.4839948836831224
8.907377498421834,2.141495286752317
4.705108375724513,1.506595533854131
5.507956476326485,1.1698912937286494
7.381764769194891,3.7651665173259525
9.878683579272058,0.8529589987812811
6.775743558744384,-0.5041201781969193
9.10689709618393,1.6607770442912857
0.06472386499519844,-0.37856570229764525
3.513471536311993,-0.5025935980129949
8.549097417947943,2.662438909105808
7.501761361473415,1.9000440256126712
3.205340098857951,0.4415759696213577
7.507792180077185,2.0177707518992474
2.3593847197332303,0.7037339448581628
6.702776539614333,2.0614958876821543
6.984597923840369,0.26312220829531574
0.4577489620674853,-1.1575015441450587
5.630037920214619,-2.3925055249116323
4.321096784041738,0.428186793513058
8.595034169493921,2.169284010249674
2.8271889466078086,0.8060133231180715
3.723542457047647,1.188925776576908
2.018289189398147,1.3190172515269079
2.7244248334094037,0.6110310284337641
3.9851275031161775,0.7043832000761687
4.666577908908908,1.7745518738070671
-0.01098397952025676,-2.1440712218000257
4.27198253077751,0.3751405130581736
7.718533659359162,2.214347062253355
0.5530562945309467,-0.42275893250995433
7.647204265654306,0.9746914475857397
3.504296707103828,1.703227776469279
2.5022868881147486,0.9110158820813866
0.7214972323237787,-0.596206053418675
3.017452845175276,1.317598441760071
3.0082239692412127,1.1423450507646518
7.092417754568881,0.2394011343261302
1.3456376809692383,-0.18492872156857548
8.236949492626788,3.933009532930048
9.431704368595843,2.384978901276236
4.364289093703876,0.6209411174475045
6.249944710814531,-0.30021244681724846
6.162494884143728,2.7640678547856083
5.492501583808837,1.2119871054409532
2.0604590533989855,1.0117407780154806
2.5620779890747656,-0.2079354970461828
8.987795112330414,1.8645332831868526
5.533299681485537,0.7075029917748942
2.3364382421655607,-1.1946024832254838
9.673224627007361,3.095507215489305
7.013097781866387,0.25310385503414734
2.682151564866324,-0.9091811488856647
9.942216946088875,2.3816115731011314
-0.6761707283159674,-2.426807720316721
1.023468684073788,-1.0503425415319698
4.175924482980468,2.182583577695408
2.94336752717249,0.5172334093679503
1.1690873517658216,-2.109811016209171
7.971506972174321,2.0271527910297342
8.115480481923113,1.169855691557695
3.385523009171478,-0.854423248472062
7.459339711786125,1.0003564740315654
0.2982405316616368,-0.6591038394465238
6.448427236323354,0.0018771491282194575
2.061545949258864,0.7052745826659091
7.5574161970656135,1.8681815675286981
6.21288286294859,1.1281784814639637
1.844616164371069,-1.1344255394649259
4.168722484865923,1.4875523276700693
0.3992927002981539,0.2077203783902003
9.356582590455304,4.6178726103397025
3.321681651718496,-0.2911045312746404
6.694104774370599,2.3069162655825433
2.190338227159966,-0.14933576534965676
3.704708514205305,-0.2242580711549662
2.529639841533683,0.6084231801369436
5.828478040403455,2.4651082017061436
4.949949417493381,-0.053861773276381086
-0.3739745257798661,0.8013091800427996
6.448210095872883,0.5546925676588034
0.6044337391593726,0.07778254044785937
5.692354612217778,2.7178816591409776
6.208680898155215,2.234815954772995
0.5216071836413978,-0.010127847640822418
-0.6654153490909653,0.2219626657299767
0.5176198101006122,-0.9834036704891838
2.7113038699404592,1.963696527069295
0.27370257350017235,-0.422612237560813
4.6367382857803,-0.9943103041228332
4.2740888224756715,-0.7886582738919405
7.6556382009454165,0.7427950206041374
3.9783080911779543,-0.13648562941517228
5.671231796587515,2.3801772233093605
7.960110059797991,0.42354874149437216
0.2558450967063912,-0.7949618500981487
5.592481863484564,1.0475171078591785
8.557704571041644,0.7632733896798864
1.0100549981978868,-0.7936522420065779
3.5364860542549446,0.08421897574984616
3.4313181266886437,-0.040297687426598894
7.946586617270922,1.5919801504181743
2.7120991510016506,-0.8352841120089265
5.384332474703882,0.31804546195540007
9.14263466577668,3.1534212540042086
0.7107389047570298,0.11275151271756845
5.522471883953773,-0.12677044086709777
-0.45671624193577676,0.28730191713045294
3.6302719848925227,-1.9360935057272664
-0.928684051870255,-1.1104271028007415
1.3126070456170744,0.555167468552745
0.19926210115892173,-2.0342735650094146
7.517187749161188,1.4028941447503853
3.647106325076126,0.41441171952276007
8.106340596576477,0.4931967608418648
3.8839215683261488,1.5869517685211316
9.915108539947415,2.5046236305981044
5.841957951918975,-0.645059310646569
1.06239948118301,-0.9434551729033491
-0.9419622834503739,0.26967625329071676
0.16708532531889753,1.3491703759858487
9.768480685218464,3.2522651890837024
8.792005344287505,1.5891473213651834
-0.9796123153623597,-0.5550880111419509
8.118130396223274,1.4145120941734595
9.959731189543577,3.11241461020826
9.513840008071837,1.66858288339915
4.488712607795385,1.475926463925886
3.601734725430185,0.3852984405549519
4.431497271055332,-0.3261836027072985
0.4171668235812085,-0.5234790487367629
9.238334376783715,0.24282780475630283
1.7370441823677245,-0.18687912100792858
7.5911629129866505,0.43516654250689335
0.04600512856050498,-0.022993758408295206
8.043661640860504,1.8734804475384401
3.5910509902695944,-0.2648144609950617
3.287268667933814,1.3700319733981186
5.881232429143653,0.5720473882538339
8.790901712396188,0.7263595409410573
8.098477998501178,1.6478497612714094
0.46784701966947706,-1.3744330794696993
7.848760314957081,2.0326343571261054
2.45246283842904,-0.7042503739895276
7.826952936735122,1.9144087541491073
7.511261900219376,1.784671178914652
0.15918155635045927,0.38548158257358867
8.227631568369032,3.4753860663560423
4.539533445625545,0.8469780368606419
2.6440642593242085,0.3107520695377274
0.2678846099447587,-2.551624476169355
6.286335716921718,0.5854584072090064
2.725357082361664,0.20880253350216732
8.828787182404128,1.4787511505997684
1.9668789192901288,1.4320649742464533
2.9800510293529645,0.7896380406518936
5.285458105666169,-0.06426354994099992
4.690708191611124,0.1563836340101291
6.670288427924314,2.294517530774171
8.511167426655112,1.555271233737763
5.498940264221254,1.6173835365070093
9.392359113825286,1.6194124151899922
-0.511675860641441,-3.162452119283403
8.966404391300355,0.6388222440096221
4.63531374451701,0.3574751299800045
0.36900027744696273,-0.564842926199369
8.331107905381431,-0.40530770399008875
1.5914225485497249,-0.6804003139169321
3.928906454050371,-0.25669504318285463
8.389567831524644,1.7029083331816444
8.198905249599804,3.8608458502366947
2.6899835471792706,1.530252333246493
6.2119174692704275,0.2540422181263149
1.309879490482575,-1.5286338678972062
8.434822644574702,1.288097227029498
2.7765558283668983,-0.17652739303577447
4.458031786619385,2.5120856508466276
2.628850880621595,-0.22696470400678503
7.925770460054366,0.3905960630137033
9.123820338759275,4.067006700312245
3.3954363464839163,-0.10886149981938414
4.142538136149339,2.3748610253767337
4.774988266742215,-1.0423588099409469
8.127947812989195,0.46587142577047613
1.7078348722712162,0.13863464210164506
9.439895324693428,2.390784425538248
1.4605795716347414,-2.1430843822655326
1.2826231290008137,-0.6526336871241245
1.6712451038390341,-1.071534059633359
1.1852803184329472,0.05237762391315609
1.1827968540493758,-1.2200399994190283
0.7106582539268165,-0.38936029615184087
4.957440089032232,1.3895062730683525
0.892961881771988,0.42784929844476527
6.0949428504520125,1.685850410270242
9.079600718546962,4.082766563217774
4.943637975806526,-1.1911491090268989
9.241239385245219,3.6792308170344894
7.239267162358768,1.9272275869479658
7.305224070677863,1.5426838294425316
8.909729978014123,2.1133371892582784
5.169080369834254,-0.4947347591767959
5.212562212041372,1.0793492031766463
2.5937549203577,-0.48619241190693196
4.782649963725815,0.6746828562324024
4.373391492102752,0.899810169429941
8.281956399620404,1.6236231950098252
0.4193835526196288,-0.010546847088304667
-0.14976479894389183,0.13179198122024183
5.452058677028702,1.312719319344947
1.7185616147029257,-0.6018171558555854
-0.7630826599343156,1.5073341852294182
9.57226914843142,0.3800183911171111
-0.2596225631579989,-1.2123821729604516
7.394383830235334,2.9742633989131706
7.4696406314878985,1.1777477408399526
1.0172284405875889,-0.789823841548855
6.283966915028728,0.7274310105563914
8.467209174261596,1.8107189641959462
3.745662049665053,0.7839200157034785
-0.9437748530490162,-0.10277669635756381
8.820553758989513,3.4299920394947243
4.216092507314212,0.19954531027592642
1.6098261471630373,0.05830190509451222
-0.8264940187800118,-1.9933195015387222
5.290377277888243,0.14027634254797994
2.0389994071722617,1.3816921379379532
1.3127927940115716,0.10751228455230066
9.265608946401327,-0.29101635647987356
8.064711695199668,2.84437993652623
5.7761205726786224,2.182604205139481
3.85342527303761,1.2449594410151732
2.1063361312082014,1.0049233713442542
5.529182955521872,0.7137816495718456
8.794254116745275,1.447047158715304
7.074603659236608,0.8901497860178615
7.302703577449844,1.12614103515644
1.1390965732540765,0.9119267083737894
8.147333752102305,1.3095534828700819
6.983078604514482,1.7529703761736037
3.926055961355811,0.6326716125385647
-0.00325060782622022,-1.3083985427110492
3.379850201949708,-0.35914535540825354
5.4126585520002894,1.5421199745456098
7.029838685147226,0.4654014577266491
2.045333761602718,-0.6330256821961568
8.6465027063325,1.2653399247168955
1.963773290709967,0.281108653670622
1.5059754758834432,-1.2644903111073653
5.334482458250445,2.2423763219721806
2.1446812865839404,-0.47409845031278897
0.5124829918803839,0.2155813318560701
8.136404996632143,1.6076320201486531
5.2891526098226205,1.336537579347845
3.5981961951408916,-0.7044868059270275
1.7380131648467656,-0.7457272686122434
3.333691366149722,0.6049820255923318
9.698088015780657,2.149283741442526
6.298646869869947,2.906519731039653
8.160933093110868,0.5901276148011154
7.5019669084643255,0.9282167467167356
1.5283985784053016,0.48825939462416557
7.059487466054799,0.8762312137691924
8.500062716217126,1.9562370707932981
6.29609047220646,0.5248070185038559
9.010289280387042,0.5129598250660936
2.827319104459627,1.1321213493040814
7.9276477823245575,2.533159512400395
-0.16079386087682956,-4.08745356575348
1.726670654860487,0.3457117483372403
4.370838866454189,0.4398801299448771
2.625081362731799,-0.016777462525386228
3.953557007613659,0.8728955118034343
1.937308564672323,-1.4917958497237598
7.159716383797306,2.761890655884374
5.187577998341854,1.5731415855030666
5.7090256535292845,0.049082328235344974
1.5404508110812385,-0.2630980708469666
7.759330566673132,2.378023294000701
9.196792100229688,3.408525555220562
4.200579858037247,0.4123855202023721
2.8929364347494535,0.09032535533020096
-0.6382669679600753,-0.064834243837527
5.569502552820061,0.20250218749588145
0.6814958719635471,-0.8749629009425135
1.5646244775465177,-0.49726930225241855
4.647658053927353,0.3097609216546439
0.6861738225617522,-2.1898616005357248
6.625944898461913,2.7035310268417967
-0.09191391524999859,-0.4767032344009358
7.746744825422324,0.33505310465410654
5.350928871796097,0.13113287540647633
3.3801138069693053,0.08762928237042211
9.192951697616296,2.2150257034239695
4.924967272373903,-0.6663534152161228
6.576651217376436,1.302434780325136
7.017274475740374,1.2249994939239142
8.682179717652286,2.2833207894949847
4.195236886920883,2.507397538830471
8.987418212426899,1.827619658922405
3.76259955515685,0.5402202748537309
4.412543210102128,1.136488311016156
6.117495613721693,0.7416811491082596
8.7022235946876,1.7695884750927442
-0.612086679224591,-0.17197520737480865
7.994352791169106,2.3451428496167357
1.0795343403266342,-0.3985399031082409
5.031782430512072,-0.22254509684441626
1.0224258102185964,-2.1317865521238084
0.21607477104596873,0.15787366212807452
-0.879152670540384,-2.3804297140152886
6.192382042326576,1.9321569947763515
6.315710559524213,1.1384036435935523
8.595422623609238,0.20618075777668743
1.808296348283625,0.09086358764435312
2.3120769479578978,1.3248298812772763
-0.33932550241038695,-1.0160087710106889
-0.3529242460395988,-0.7485385042191781
2.2243023758319214,-3.3443497703338125
7.256201805790793,3.8191370710254455
2.341532909991516,-1.08383526108315
8.54233394519111,2.265670255515041
0.9941821141247977,-1.4066842004728577
5.581339026198023,0.1574566489360517
2.7199491922160957,-0.7687704121843789
9.837008796455354,0.6983371999897441
-0.9572212157552707,-0.5774615158900931
0.930036876849047,-0.6613489835370294
1.3530881517908488,-1.014798614104626
8.78746465906148,4.64702889530371
9.273872056696176,-0.5962908598612393
8.681375523744574,1.2833783659216542
8.701719260285655,4.643473819396449
9.840107562376623,1.5082034637550654
3.5905197217695246,0.44944701647273405
2.521020774867639,-1.597080587341714
0.9566935794728546,-2.313867880323077
6.827907370827859,1.2187203654693413
2.4398645370098855,0.3571259179030016
2.1343317596169453,1.6403501323195284
1.4283416037637338,0.5371930995252949
7.738583540586367,1.6065588952886867
-0.1622490569198144,-0.06356916894819153
2.924970985988405,1.264170239885962
4.494409834930994,1.0289640944104539
5.118707764981958,-1.7764157187906378
5.5099793316877275,0.20628723524327308
-0.9331154790303637,-0.7855783271970843
0.9292981891560244,0.8526234474562318
7.935244170570167,0.7106016790349245
0.06246298430389263,-0.23508059260872177
3.7514542367711385,0.566857725470755
8.518123671953983,1.8596084184497201
-0.7084382587507347,-0.5924542779076962
1.241981006972226,2.024306990712544
8.209247634587168,1.1998729793109695
9.349321321120222,1.0342368650187408
7.602644607283782,-0.13373110101118213
5.8263159652898,1.2811225881245876
4.880084267523726,-0.9821690792425493
7.125247895103813,1.4007819731462827
8.530596772953633,1.9432360399019561
3.1970975518242035,0.6720236734859507
5.0463150299343775,0.45204324987154115
8.185421325440618,0.3663656063471137
0.9153822708908748,-0.5590111127566655
1.1260090043050779,0.1952804166714175
2.699911418187728,-1.3871275687437314
-0.9717854909204778,-0.6846098648586609
7.387718715721352,2.2584350543232494
8.530468308837191,0.745337511917098
1.5603302909002807,-1.586251140562407
2.3414426179429664,0.1169499648433394
4.979859506711604,1.8427239750912885
6.90414358520328,0.736221478096348
8.148756483327977,0.5972833365961174
9.446038634255299,3.438381727092408
3.760271522529745,-0.2892781173990462
0.8938565169563648,-1.4007684909661149
0.35728495945017125,-1.1870900065341694
1.594022141367338,-3.1386055190502242
6.207244475389779,3.199743340045625
2.5999690846086105,-0.768485721792138
3.1985916628670266,1.2526004914656266
4.123183986087458,0.987188170927217
-0.2130596525406423,0.08092729675262089
0.8100530035353857,-1.2505430392267538
4.448281044576087,-0.6578333220728994
7.854802428663334,2.511046567615991
4.774935096057414,0.9789889568937402
8.99893765254178,1.5042670337772173
5.0476167116954604,2.164657050826539
5.029819519083632,0.8132223244478894
7.8938599620053065,3.358120554388508
7.7090292294961,1.9330181654125596
0.31941599828442513,0.014626695950066826
7.098984281140831,3.141709373861925
9.495965615136836,2.0310913224790137
9.10508046284042,1.4449673556402844
8.19141336818659,3.2759204981044867
2.6366456871858137,-1.0646833630192667
1.2316493447035572,-0.8908954012003354
-0.1833865533126554,-2.985558588982515
6.250007491470826,1.1071487667292603
2.4345928147722695,-0.46171770437775944
6.044582843662434,0.8686075270836733
7.6260640421088475,2.5124111826065674
8.411440291643409,1.4836794675862581
0.000871663131295719,-1.6832187125605333
6.916749524282652,0.5537405472154843
2.4984544851720774,0.48049913643993375
3.7064711834760633,0.18155284701996677
9.71966537884829,1.8354927406535566
4.714659574309661,1.6964084624163882
8.252934147869093,2.4190262415027
-0.4935942898561255,-0.3231209732244583
3.7760857683607947,0.9071499561027676
3.059964123489226,0.9362474000198979
0.15141342383002554,-0.15433261836348455
7.4873378978022345,3.2677255709458928
9.796646107685316,0.43633984769088796
6.177328625828262,1.7747784753751654
5.250949187634065,-0.025685539631909227
2.4229565292535242,0.026896705953357
6.311127883507629,3.789877264245755
-0.6073479993251898,-1.599230693429464
2.8707783802100693,2.398948945573334
2.9296198097088038,0.22788294199602288
0.8904896308114614,-0.32306849011048877
0.9131908878794142,-0.4605104700346478
9.5851385520171,2.1507150832933175
7.120677243885719,3.039820732252991
8.506234295342663,1.082089343505832
3.0878583908302275,0.8074520162156049
8.66274942832802,-0.30348343107910103
3.183310617321899,0.2182476766916234
-0.5910943532979351,-1.145699105720143
6.1523910744042505,0.13761030654893247
4.624845073376038,-0.19588452213226215
4.079086315696803,1.2045897955557938
1.5784148407854164,0.3941970619142129
0.8769463054836049,-1.8013643408759479
7.301628360351771,0.5024389178167863
4.965191952827349,0.951633649061408
5.994062550483232,0.1354133114782261
0.33595683817485567,-1.19196431380449
3.1446149707717908,-0.40479900484832165
-0.9663303061722393,-1.4263942542785688
0.5813072661845609,-0.20810872731883523
5.29803900014162,1.457438746877043
4.149484596012661,0.6534202840047891
1.7502626441550975,-0.7041349893568973
8.481422429814236,3.536807574704804
1.7967387167350073,-1.0905109265075
3.273758827664314,0.6891010556735838
4.285997701729362,0.08478775432946029
2.0559975222609443,-1.0837385259877657
5.097441316871592,0.26724359605780346
3.0628755387252955,1.2014745634079391
9.885038777872994,2.510700341447293
3.2784365336910497,-1.3966927846159796
0.0807776116559098,-0.6423116791282081
8.68361226230952,1.5846329228326284
5.441645941240628,0.503211755557198
4.882247998471262,-0.3477934075667444
3.748418421478247,1.3284593646240412
7.735693712167356,2.610244015483143
4.9498298122135544,0.2953103250578072
4.941742978212694,2.403772334201675
6.023346222766709,1.272167872633543
2.3441237869413762,-1.2033145832921988
1.3003792025627936,0.16492631373368788
7.698073470658613,1.4697687459656437
9.967663649892161,2.7770983343526963
0.8449488594675634,-0.4541080255676803
9.767504339428681,2.4613642117337164
7.000477607083859,1.1675616597737957
5.461494824313611,-0.37941355532816456
9.316854224923832,2.720540928151641
1.7809531505350185,0.7473931770904496
5.2016838259457305,0.4165524194436665
-0.006944291855343621,0.6687432144461325
8.054776865617445,0.9699725993621554
2.9594773470142828,1.1821483143021942
2.4578060274747484,-1.1340074974852743
9.380677104582832,1.5859306812336222
2.9438298599667303,-0.24061521074295888
1.975274505404307,-0.8598010495689438
4.965008746852145,-0.7590558696016751
3.234006892014163,-0.607185848532974
5.129405341202334,1.3938938798880671
9.532432166120422,2.4369021777471884
9.173137280813636,2.0947883341176214
0.050943149257002496,-0.3328184847148748
-0.8012583308161207,-2.964572960916392
8.53099424411098,2.2803067684037686
4.318909205052002,1.2179710600767972
6.780133276012286,0.33181557314955534
5.048321959550096,1.272452527609698
3.3770877439408595,1.0725889848582557
2.76797261919416,-0.8575402810887052
-0.6872395164507435,-1.2387166361017177
4.334926439761407,0.3731009320840084
0.30575959352845805,-1.8292152318701702
0.9853219144467817,-2.4246234324812157
6.1662690161629525,0.8059056815705208
5.641491460833525,0.7934043164172867
4.388007165076914,1.9016060129098418
9.629158970906685,3.159002014231542
2.9130090273717233,-0.32618825644678007
1.817159915487062,0.11663029156954358
-0.7912879955822205,0.3525216932041265
7.466550666666798,0.8603688244990461
3.8329067073160425,2.734557120001141
7.677768674113498,2.7411830785841227
1.9455874386280527,0.3433640619540019
7.707542686547464,-0.1689799419691942
3.580469595311465,-0.3416589254541771
3.573490693078762,0.022861455649701656
5.043196180982656,-0.18217691289120286
5.401051798509781,2.369037041648419
3.47250448656916,-0.0036097281149398697
5.516900933832897,2.0214973446264963
4.227070182816675,0.20728993728315642
7.218669764986476,2.2016564554946596
9.054326939868606,-0.15344847760156943
0.4284076487070363,-2.545276976524246
4.042341819577091,1.2839865199751967
7.266215414534294,2.169419064794781
3.8827211997794517,0.293650962341615
4.693754799897498,1.9365382511038745
3.472244120300747,2.4936725831654742
7.425696416335322,-0.6404198180492922
0.32904865810925354,-2.063931327710441
6.24596604311284,1.9369336513693476
2.7759557931092336,-0.32614956420985936
8.782125447285955,2.28394279049962
7.5395920050825325,0.746562283958284
8.353114448791256,2.8360468924281648
0.9465287625457219,2.0350357381147224
2.4621922254635353,-0.12192121189442545
2.3948442440037243,-0.6694248708031216
9.851592044304635,3.9800683937020125
0.31205184201962677,-0.7217075081080531
8.225494668542488,0.7110887399644019
-0.20429140799985124,-2.4371953747151816
1.818483432033061,-1.1066815524854992
5.5440970129563745,0.3541655757604232
8.352076803770967,1.9522169138116163
3.108663114413323,2.083305256942035
3.843145979066395,-0.21276193191731885
8.75395947091963,1.8951394714745764
2.5014327364002553,-0.058852202284877336
2.1692611625004625,0.9339134662225438
2.4020816203395743,0.5380712322919852
3.1166037999760574,0.8796617268599218
-0.5540038778212335,0.8172444347880206
8.056458911837897,-0.21343445435013453
5.468560660857409,1.088498449846226
0.5627213490095935,-1.6815690965174195
7.30431896926045,-0.00671503691385289
3.9064003411676484,1.3863067074022624
9.505344184640679,2.115558769639685
9.295500128817944,2.641744993210047
4.892935844067375,3.7639288855607713
8.404813436871585,1.3682517846156845
8.173104322924939,0.9528839059125713
8.02655093080651,-0.21677910375862863
7.7324887567664415,1.8486785483198884
5.558878260372374,2.4903654061689697
2.954711284229943,-0.28453405714062624
4.533278695082364,0.10329283602407846
6.537195868801418,0.7477159583646842
4.623040511469126,0.17415624648022954
0.019211637709753093,-0.9650107185277408
1.4667144930022809,-0.9377178204611492
8.809319271511105,0.34635114386319343
3.8380545805717814,0.18108627679832823
3.293466006914091,2.3066305483949825
7.517853114635908,2.65150841892574
2.6562356684311665,-0.566856761364167
6.707635375912098,1.3740408247149958
4.426370384657305,0.1058451803865631
5.550218935888691,0.9771676302651272
5.7577052774184025,1.1188243141700744
8.481383932462904,0.17435167735468493
6.521622848089091,0.8139360829516953
5.7730140957994065,2.303488692515057
7.685411379025862,1.5993803274446243
8.716938985673984,1.5620463597312737
-0.4954631757619634,-0.19139161848049002
8.052286124676842,2.2486586758435405
9.406408021122699,3.024998213513903
7.383007653273346,0.34726902463263243
-0.6257870288174993,-0.3759523682390117
3.4738065538829384,0.30033670453158645
8.62999371473032,1.9189976603256307
1.5843623710204584,-1.8184368026448912
4.505315635586859,1.2840230339681464
0.31493781895519257,-1.5155651471319707
4.531704695705029,-0.3149709320335131
9.04058484545694,1.5403499129501066
9.328248142925563,0.5270054731942753
3.292742155791074,-0.15181597798323437
2.559126019139325,0.35356052754231926
1.692056647303838,0.23044350520576018
5.576183486530556,1.474428345980877
1.021480661517391,-1.6100818482347738
7.716780089043635,1.872295101440992
0.8780068752825398,-0.29523741185570457
2.3348784093643653,1.7303458870978963
5.976879301020354,1.1617657457918253
8.771100076544416,3.0098936159204452
7.470687247367097,2.121289802903045
2.149761855348265,0.18532224297906338
-0.3962824931187874,-1.114059648884146
8.62429503573075,2.7579210972263635
2.4110953984174524,0.15700555140602687
-0.09367702235998776,0.4463249913402302
7.224641530814171,2.150084612525591
2.7218354222121093,-0.6558144167536555
1.3174728374014544,-0.16312287672066497
4.11089138361315,-0.5339102074810125
2.95392591546383,-0.7372875018650201
-0.7875982188330346,-0.3858511252853063
1.866644703279999,0.266524693047314
-0.6017005927067521,-1.1165907438446083
3.897468792127108,1.4897307624895217
7.605104018994261,1.7650408074427926
2.208924203374991,0.4520127952924182
8.335982509870815,1.6826263183063475
0.46322513592952275,-1.2638697489632198
2.846249451042205,1.4128059064568894
7.563393541687223,1.793052733366225
-0.7675756256556681,-1.8407779176141743
6.489903852109614,1.885534973889532
8.565479047108427,1.805111123040278
7.20369570686475,-0.05868698504525849
6.385557283175603,0.1886130391179861
8.501358763055139,1.9803514873681523
7.7432211131676265,2.906481415327158
1.7542811502895215,-0.5912777434209984
0.2968883531668016,0.4611350226332419
-0.4516983499165601,-0.7151476231975863
3.035443724228994,-0.9263680252713877
-0.17732784338579055,-0.023118313334930973
4.883268847792744,1.4064334367949392
9.77527867630423,2.9417578644545976
2.349261881565581,-0.8128906648238754
0.5516996346764851,-0.4959527465646944
2.4702640419421003,-0.1555327627587621
7.493480206275308,2.350098201130628
8.141147215861682,0.577991366449409
3.5351841869157106,0.6925032977848096
0.9025171889535097,-2.353114657359366
8.935351652719426,1.958631271192073
3.1761499350982074,1.741357334814225
7.889556412644385,0.9248325558798524
1.5054795256832758,1.31876784765856
3.84080460109454,1.7411942977778119
-0.024733222667983168,0.13533168950760888
2.074450266114371,0.2216230567099431
4.93867419778118,-0.49728427161004873
1.2441957439450033,-1.2719725310514804
6.926527386009059,1.6579835703831203
6.26921841750578,0.20877357976527122
1.7739728384811482,-1.304102027819024
5.089194458941814,1.9176614436589776
3.690555601532,0.8094289644575642
3.363607546150593,-0.0063405192543231625
2.2351879767665226,0.9918834426877101
6.53730037021784,0.8083731586626808
7.864675297525352,1.666621539607547
6.2047460044682605,0.9134665209102893
1.9408925165045465,0.4320113679389893
-0.42657099364213824,-0.0640976835974919
8.037322590966598,1.7614388523109252
0.023291892406803072,0.998709485262738
1.1835058300885821,0.01474861609878686
-0.9337997903760143,-1.6728179605734272
0.3727907899636538,2.1758823835837795
7.3405760246800025,2.209662032759289
6.338264457373195,-0.5309755742945079
8.57447060317072,1.748888156255959
2.833776719675936,1.0137183091767392
2.667582318603062,0.6687025971552435
2.834827536078042,-0.5288889739693421
-0.7184042244710167,0.0731851452759621
8.838332259262206,3.168130535770323
8.298751963096146,1.4806916369880168
5.857123482311064,0.38230421939994086
2.87281920604551,-0.161950704740147
0.6969184388754921,-1.3326874704307525
2.2866491740781814,0.7325167134223418
4.436689947363525,0.5746310133044038
1.4531973430683078,-0.9794977115466288
6.189851706525508,2.3289914077390037
6.128499731609681,-0.4318443218699062
2.3422411726371557,-0.23247366944600398
8.137763556029066,0.7634180073760715
3.9366448263204266,3.141509716581385
8.457435513517956,2.9853699023294498
1.36175973384676,0.12205233290463019
7.516038854081202,0.7051349772287899
6.669246122041432,0.19050355395668905
9.999987875338691,2.1298678407334535
5.399126699291063,1.1843134892618108
9.520650767670025,0.6397065515090359
4.923118911737053,0.05279909620037326
0.7545014090855713,0.16021304381850598
-0.4602644180322185,-0.25309735333809735
2.350297885389597,-0.08163116027157886
